Hello Kuka:
[16, 24, 32, 40, 48]
[49, 1]
[22, 30, 38, 46, 54, 62]
[4, 48]
[18, 26, 34, 35, 43, 44, 52, 60]
[36, 2]
[35, 2]
[53, 14]
[21, 61]
[34, 0]
[57, 5]
[17, 25, 26, 34, 61]
[35, 1]
[21, 55]
[15, 16, 51]
[55, 23]
[16, 51]
[45, 0]
[4, 45]
[31, -1]
[0, 8, 16, 56]
[29, 30, 38, 46, 54, 62]
[6, 61]
[-1, 0, 40]
[27, 35, 59]
[51, -1]
[1, 9, 17, 33]
[5, 44]
[32, -1]
[19, 20, 28, 36, 60]
[34, 1]
[-1, 59]
[17, 55]
[51, -1]
[50, 8]
[35, 1]
[57, 10]
[12, 47]
[2, 39]
[38, 0]
[61, 25]
[24, 25, 26, 34, 61]
[43, 2]
[21, 53]
[30, 38, 62]
[54, 18]
[50, 3]
[59, 12]
[45, 2]
[49, 5]
[3, 11, 12, 46]
[60, 24]
[16, 57]
[39, 4]
[32, 0]
[11, 12, 45]
[10, 11, 52]
[6, 43]
[56, 15]
[37, -1]
[45, 6]
[33, -1]
[33, -1]
[44, 2]
[51, 14]
[7, 15, 47]
[40, 7]
[15, 55]
[27, 62]
[34, -1]
[61, 20]
[42, 2]
[42, 3]
[53, 9]
[27, 62]
[47, 2]
[42, 2]
[25, 26, 34, 60]
[15, 61]
[42, 6]
[47, 15]
[26, 34, 59]
[16, 56]
[25, 60]
[23, 24, 58]
[36, 0]
[55, 11]
[24, 62]
[20, 28, 36, 54]
[39, 7]
[17, 58]
[20, 62]
[5, 39]
[18, 61]
[23, 57]
[39, -1]
[57, 3]
[40, 5]
[14, 58]
[7, 40]
[45, -1]
[53, 16]
[53, 17]
[4, 38]
[-1, 47]
[42, 1]
[22, 59]
[33, -1]
[24, 59]
[29, 62]
[60, 0]
[53, 9]
[58, 17]
[33, -1]
[29, 61]
[8, 16, 48]
[46, 5]
[60, 19]
[61, 20]
[33, 1]
[45, 5]
[18, 62]
[58, -1]
[18, 52]
[38, 0]
[18, 57]
[40, 8]
[3, 48]
[16, 61]
[27, 62]
[17, 62]
[43, 9]
[10, 58]
[37, 4]
[7, 47]
[18, 59]
[5, 40]
[21, 55]
[12, 44]
[39, 4]
[44, 7]
[15, 57]
[-1, 55]
[54, 2]
[13, 61]
[58, 26]
[34, -1]
[18, 53]
[2, 34]
[46, 9]
[34, 2]
[16, 55]
[5, 49]
[18, 60]
[1, 37]
[0, 51]
[39, 3]
[1, 33]
[49, 5]
[47, 6]
[12, 56]
[1, 43]
[22, 62]
[57, 16]
[32, -1]
[33, 0]
[62, 2]
[12, 47]
[28, 36, 62]
[53, 11]
[35, 0]
[11, 46]
[15, 50]
[12, 47]
[41, 7]
[17, 58]
[50, 16]
[-1, 62]
[5, 37]
[36, 1]
[31, -1]
[59, 7]
[47, 2]
[13, 52]
[51, -1]
[16, 48]
[28, 62]
[10, 51]
[-1, 49]
[26, 61]
[18, 54]
[29, 62]
[50, 10]
[37, 4]
[7, 62]
[56, 15]
[21, 54]
[24, 60]
[28, 62]
[1, 34]
[42, 4]
[32, 0]
[46, 6]
[31, -1]
[47, 9]
[62, 6]
[57, 13]
[39, -1]
[62, 15]
[42, 1]
[23, 62]
[8, 43]
[24, 60]
[39, -1]
[6, 45]
[30, 62]
[39, 5]
[7, 45]
[38, 1]
[2, 61]
[14, 48]
[34, 0]
[61, 23]
[23, 57]
[9, 10, 45]
[56, 7]
[4, 50]
[51, -1]
[14, 60]
[59, 20]
[52, 5]
[4, 57]
[61, 16]
[16, 53]
[33, 0]
[62, 15]
[6, 47]
[24, 59]
[17, 50]
[1, 52]
[5, 48]
[12, 56]
[9, 61]
[15, 61]
[55, 1]
[49, 14]
[8, 46]
[3, 44]
[20, 60]
[42, 0]
[17, 55]
[28, 62]
[2, 59]
[37, 5]
[16, 52]
[21, 62]
[21, 55]
[11, 43]
[14, 47]
[32, 0]
[7, 61]
[59, 14]
[53, 8]
[25, 59]
[8, 57]
[13, 50]
[50, 12]
[28, 61]
[1, 36]
[20, 55]
[0, 52]
[19, 53]
[56, 9]
[39, 5]
[30, 62]
[41, 7]
[22, 57]
[31, -1]
[23, 56]
[53, 19]
[8, 58]
[59, 23]
[15, 47]
[8, 53]
[19, 56]
[6, 56]
[54, 13]
[13, 56]
[24, 62]
[8, 47]
[45, 6]
[45, 10]
[30, 62]
[32, 0]
[26, 62]
[51, 2]
[5, 58]
[7, 60]
[29, 62]
[28, 62]
[60, 20]
[51, 10]
[20, 61]
[14, 61]
[4, 36]
[60, 21]
[32, 0]
[62, 23]
[11, 57]
[11, 44]
[33, -1]
[10, 48]
[30, 62]
[41, 2]
[20, 53]
[35, -1]
[19, 60]
[52, 13]
[51, 2]
[24, 61]
[43, 5]
[55, 1]
[60, 26]
[3, 44]
[13, 56]
[23, 59]
[39, 7]
[31, -1]
[17, 59]
[61, 3]
[44, 6]
[19, 61]
[4, 60]
[56, 4]
[46, 1]
[46, 1]
[32, -1]
[5, 50]
[27, 60]
[14, 53]
[33, 0]
[41, 8]
[14, 47]
[31, -1]
[53, 8]
[37, 4]
[40, 7]
[39, 5]
[62, 2]
[35, 3]
[57, 18]
[51, 9]
[61, 15]
[61, 29]
[38, -1]
[5, 60]
[30, 62]
[-1, 59]
[18, 56]
[39, 2]
[51, 7]
[62, 29]
[42, 4]
[37, 4]
[18, 55]
[20, 52]
[12, 59]
[21, 54]
[2, 45]
[41, 8]
[58, 2]
[38, -1]
[50, 12]
[57, 3]
[61, 1]
[50, 7]
[31, -1]
[15, 59]
[34, 0]
[60, 18]
[20, 59]
[44, 9]
[10, 51]
[17, 57]
[44, 3]
[19, 59]
[8, 54]
[43, 5]
[62, 4]
[35, -1]
[51, 19]
[44, 12]
[62, 17]
[4, 48]
[13, 53]
[29, 62]
[43, 5]
[54, 13]
[53, 5]
[38, 6]
[47, 5]
[28, 62]
[19, 52]
[33, -1]
[32, 0]
[1, 36]
[26, 62]
[42, 1]
[35, 0]
[24, 59]
[34, 2]
[16, 49]
[26, 58]
[32, 0]
[20, 56]
[54, 21]
[29, 62]
[17, 54]
[55, 21]
[34, 1]
[3, 45]
[58, 25]
[30, 62]
[54, 18]
[57, 17]
[-1, 62]
[5, 55]
[6, 46]
[17, 56]
[29, 62]
[3, 35]
[53, 5]
[0, 62]
[16, 59]
[35, 3]
[25, 62]
[11, 54]
[53, 1]
[2, 35]
[49, 15]
[61, 27]
[5, 43]
[46, 4]
[8, 57]
[26, 58]
[45, 2]
[24, 57]
[31, -1]
[52, 20]
[30, 62]
[4, 53]
[42, 3]
[32, -1]
[19, 52]
[38, 6]
[46, 11]
[41, 4]
[54, 19]
[-1, 39]
[49, -1]
[62, 27]
[50, 13]
[58, 0]
[26, 60]
[4, 43]
[46, 2]
[44, 10]
[58, 9]
[45, 6]
[17, 58]
[11, 53]
[5, 38]
[1, 56]
[14, 49]
[0, 55]
[58, 16]
[29, 62]
[39, 1]
[56, 20]
[28, 60]
[20, 60]
[18, 56]
[34, -1]
[34, 2]
[31, -1]
[0, 39]
[25, 59]
[22, 57]
[5, 39]
[38, 1]
[42, 0]
[32, 0]
[50, 4]
[57, -1]
[19, 60]
[2, 40]
[9, 50]
[32, 0]
[41, 2]
[7, 46]
[16, 52]
[52, 10]
[60, 20]
[2, 39]
[26, 61]
[41, 1]
[39, -1]
[33, 1]
[48, 4]
[25, 60]
[0, 50]
[29, 62]
[4, 57]
[51, 1]
[17, 55]
[3, 60]
[38, 3]
[18, 62]
[60, 27]
[55, 12]
[5, 40]
[58, 26]
[15, 48]
[25, 60]
[61, 1]
[34, 2]
[25, 59]
[17, 62]
[36, -1]
[50, 18]
[15, 60]
[34, -1]
[43, 4]
[60, 8]
[20, 53]
[60, 11]
[52, 0]
[48, 11]
[35, 2]
[30, 62]
[47, 6]
[10, 54]
[44, 2]
[33, 0]
[52, 7]
[11, 59]
[13, 58]
[54, 1]
[10, 46]
[9, 46]
[1, 49]
[38, 5]
[60, 1]
[26, 60]
[1, 45]
[55, 20]
[46, 2]
[62, 3]
[33, -1]
[42, 3]
[17, 60]
[11, 59]
[24, 60]
[43, -1]
[56, 9]
[40, 7]
[23, 60]
[58, 0]
[62, 27]
[19, 53]
[22, 60]
[6, 44]
[19, 56]
[30, 62]
[16, 53]
[26, 60]
[0, 34]
[4, 59]
[2, 59]
[41, 1]
[26, 58]
[23, 61]
[56, 15]
[11, 56]
[27, 61]
[47, -1]
[29, 62]
[25, 57]
[33, -1]
[23, 59]
[58, 10]
[37, 0]
[11, 51]
[58, 25]
[34, 1]
[6, 49]
[38, 3]
[15, 55]
[32, 0]
[45, 13]
[0, 37]
[51, 15]
[28, 61]
[3, 60]
[33, 0]
[60, -1]
[12, 52]
[13, 62]
[33, 0]
[60, 14]
[20, 54]
[34, 2]
[17, 57]
[13, 55]
[18, 61]
[14, 61]
[32, -1]
[42, 8]
[53, 15]
[5, 50]
[27, 62]
[40, 4]
[54, -1]
[40, 2]
[49, 9]
[6, 47]
[24, 58]
[48, 4]
[28, 61]
[42, 3]
[55, 22]
[10, 46]
[11, 59]
[7, 42]
[8, 58]
[52, 20]
[1, 59]
[51, 15]
[42, 5]
[41, 2]
[18, 58]
[34, 1]
[24, 56]
[55, 21]
[32, 0]
[59, 13]
[50, 17]
[57, 12]
[42, 8]
[37, 1]
[52, 7]
[21, 55]
[41, -1]
[54, 7]
[8, 41]
[51, 13]
[45, 4]
[35, 0]
[44, 7]
[60, 27]
[40, 7]
[2, 52]
[13, 47]
[46, 10]
[7, 48]
[57, 17]
[31, -1]
[25, 60]
[57, 4]
[59, 26]
[52, 6]
[57, 4]
[40, 8]
[23, 58]
[46, 0]
[14, 54]
[-1, 37]
[56, 7]
[49, 14]
[46, 12]
[9, 58]
[-1, 39]
[43, 7]
[0, 46]
[14, 53]
[15, 51]
[-1, 45]
[11, 49]
[59, 13]
[61, 7]
[-1, 61]
[0, 51]
[52, 15]
[25, 59]
[17, 61]
[36, 3]
[47, 10]
[28, 62]
[22, 56]
[17, 53]
[61, 19]
[26, 62]
[21, 60]
[33, 1]
[58, 25]
[37, 0]
[60, 2]
[48, 11]
[57, -1]
[33, 1]
[3, 53]
[27, 62]
[52, 5]
[48, 7]
[36, 1]
[44, 3]
[44, -1]
[21, 55]
[-1, 37]
[11, 48]
[10, 53]
[50, 3]
[59, 19]
[34, 0]
[21, 60]
[22, 58]
[18, 57]
[36, 3]
[41, 2]
[46, -1]
[60, 4]
[36, 1]
[55, 16]
[50, 15]
[22, 55]
[16, 57]
[36, 4]
[31, -1]
[15, 53]
[20, 62]
[1, 61]
[28, 60]
[38, 6]
[19, 54]
[40, 1]
[46, 8]
[6, 61]
[37, 5]
[31, -1]
[39, 4]
[11, 59]
[-1, 45]
[18, 59]
[15, 58]
[55, 2]
[53, 7]
[51, 14]
[5, 39]
[8, 48]
[16, 62]
[1, 42]
[1, 55]
[40, 3]
[62, 18]
[62, 5]
[1, 56]
[35, 0]
[0, 47]
[54, 5]
[36, 3]
[48, 14]
[24, 59]
[5, 37]
[15, 61]
[61, 22]
[29, 62]
[36, 2]
[32, -1]
[20, 58]
[1, 52]
[40, 7]
[36, 3]
[36, 4]
[38, -1]
[5, 39]
[17, 49]
[34, 2]
[23, 57]
[26, 60]
[17, 56]
[-1, 51]
[23, 55]
[28, 62]
[0, 48]
[58, 18]
[12, 44]
[52, 10]
[35, 1]
[0, 51]
[11, 53]
[58, 2]
[9, 58]
[8, 53]
[10, 44]
[61, 1]
[21, 57]
[5, 43]
[18, 58]
[8, 55]
[54, 1]
[14, 52]
[53, 4]
[55, 7]
[15, 53]
[2, 51]
[29, 61]
[48, 14]
[56, 1]
[42, 6]
[35, 2]
[9, 51]
[36, 0]
[54, 16]
[21, 62]
[38, 5]
[50, 3]
[8, 60]
[40, 6]
[39, 6]
[48, 6]
[17, 61]
[43, 10]
[6, 48]
[28, 62]
[13, 61]
[49, 4]
[51, 12]
[22, 60]
[52, 18]
[0, 35]
[12, 58]
[20, 58]
[43, 11]
[37, 4]
[38, 6]
[13, 60]
[13, 58]
[24, 62]
[19, 57]
[23, 59]
[26, 61]
[-1, 32]
[54, 15]
[39, 0]
[27, 59]
[45, 6]
[11, 52]
[34, 2]
[27, 62]
[50, 14]
[24, 56]
[10, 59]
[18, 50]
[16, 62]
[44, 8]
[30, 62]
[28, 60]
[16, 52]
[1, 60]
[48, 13]
[27, 62]
[52, 12]
[32, -1]
[29, 61]
[-1, 49]
[-1, 47]
[47, 10]
[41, 6]
[62, 16]
[32, -1]
[33, 0]
[27, 61]
[58, 23]
[5, 59]
[0, 44]
[31, -1]
[56, 1]
[37, 5]
[53, 14]
[43, 11]
[3, 45]
[59, 2]
[42, 4]
[18, 52]
[48, 4]
[6, 45]
[62, 4]
[36, 0]
[22, 58]
[23, 59]
[15, 53]
[44, 3]
[33, -1]
[4, 41]
[1, 58]
[8, 62]
[56, 14]
[50, 12]
[58, 10]
[38, 5]
[29, 62]
[61, 0]
[1, 42]
[7, 54]
[46, 11]
[27, 62]
[27, 61]
[32, 0]
[57, 3]
[27, 62]
[0, 59]
[22, 61]
[30, 62]
[32, 0]
[34, -1]
[59, 4]
[36, 2]
[7, 45]
[41, 5]
[34, 0]
[14, 51]
[8, 59]
[45, 7]
[46, -1]
[6, 57]
[56, 8]
[23, 56]
[16, 58]
[14, 58]
[2, 47]
[60, 9]
[34, 1]
[14, 59]
[20, 56]
[14, 58]
[39, 7]
[10, 51]
[50, 15]
[25, 59]
[48, -1]
[13, 55]
[3, 54]
[56, 15]
[30, 62]
[22, 62]
[60, 9]
[16, 60]
[31, -1]
[41, 1]
[49, 12]
[49, 15]
[3, 46]
[61, 7]
[56, 8]
[26, 59]
[42, 1]
[26, 60]
[39, 1]
[46, 6]
[7, 52]
[10, 43]
[16, 55]
[31, -1]
[19, 60]
[21, 55]
[48, 11]
[4, 52]
[48, 14]
[4, 38]
[50, 4]
[51, 3]
[45, 13]
[23, 62]
[32, 0]
[35, -1]
[46, 5]
[51, 10]
[15, 62]
[58, 15]
[21, 60]
[27, 61]
[32, -1]
[17, 58]
[30, 62]
[27, 60]
[13, 47]
[50, 14]
[4, 41]
[47, 12]
[33, 1]
[34, 1]
[56, 2]
[13, 48]
[45, 10]
[-1, 41]
[26, 58]
[24, 62]
[38, 2]
[62, 13]
[54, 13]
[0, 52]
[21, 54]
[35, -1]
[14, 62]
[62, 11]
[14, 47]
[45, 11]
[15, 58]
[24, 59]
[-1, 52]
[43, 11]
[40, 1]
[39, -1]
[11, 52]
[9, 50]
[50, 6]
[58, 23]
[19, 54]
[33, 1]
[61, 20]
[7, 46]
[14, 56]
[49, 4]
[13, 56]
[1, 45]
[44, -1]
[45, 4]
[40, 2]
[49, 8]
[9, 52]
[16, 50]
[13, 53]
[55, 6]
[30, 62]
[20, 52]
[54, 6]
[17, 62]
[20, 60]
[24, 58]
[54, 3]
[30, 62]
[22, 54]
[26, 59]
[49, 17]
[31, -1]
[17, 49]
[36, 0]
[14, 48]
[44, 10]
[62, 10]
[49, 5]
[19, 60]
[55, 18]
[-1, 59]
[9, 58]
[4, 62]
[27, 60]
[1, 60]
[26, 62]
[12, 48]
[15, 49]
[33, 1]
[3, 44]
[25, 57]
[29, 62]
[33, 1]
[18, 62]
[33, -1]
[12, 44]
[-1, 42]
[22, 54]
[19, 51]
[6, 43]
[44, 10]
[28, 61]
[62, 10]
[4, 36]
[6, 59]
[52, 16]
[0, 49]
[41, 1]
[21, 57]
[5, 46]
[17, 62]
[8, 62]
[62, 28]
[42, 6]
[51, 0]
[53, -1]
[6, 55]
[62, 5]
[28, 60]
[56, 10]
[-1, 47]
[26, 61]
[39, 3]
[1, 38]
[59, 17]
[61, 1]
[8, 48]
[32, 0]
[28, 60]
[19, 61]
[19, 59]
[2, 39]
[21, 60]
[47, 2]
[9, 55]
[36, 0]
[38, 4]
[59, 16]
[62, 20]
[4, 54]
[52, 18]
[16, 56]
[49, 9]
[0, 47]
[30, 62]
[18, 50]
[38, -1]
[55, 2]
[42, 2]
[59, 25]
[43, 10]
[53, 9]
[22, 57]
[37, -1]
[42, 8]
[1, 49]
[54, 3]
[47, 7]
[19, 59]
[41, 4]
[20, 58]
[44, 6]
[7, 54]
[18, 62]
[19, 53]
[55, 6]
[8, 61]
[9, 46]
[48, 15]
[18, 62]
[29, 61]
[56, 17]
[45, 7]
[25, 59]
[32, -1]
[49, 6]
[26, 62]
[54, 17]
[37, -1]
[54, 11]
[27, 62]
[27, 61]
[15, 57]
[52, 0]
[34, 1]
[24, 60]
[16, 49]
[38, 4]
[16, 61]
[2, 58]
[39, 7]
[59, 13]
[34, 0]
[18, 57]
[9, 46]
[16, 51]
[8, 60]
[-1, 54]
[54, 15]
[1, 58]
[13, 56]
[54, 3]
[54, 2]
[13, 51]
[32, -1]
[42, 2]
[40, 4]
[47, -1]
[43, 5]
[55, 0]
[0, 49]
[34, 2]
[42, 7]
[58, 13]
[3, 56]
[-1, 44]
[19, 57]
[33, -1]
[53, 15]
[40, 6]
[36, 1]
[56, 4]
[30, 62]
[22, 56]
[62, 30]
[12, 58]
[28, 61]
[4, 52]
[29, 61]
[39, 5]
[34, 2]
[57, 14]
[49, 12]
[28, 61]
[61, 26]
[47, 9]
[19, 56]
[59, 13]
[46, 7]
[2, 41]
[62, 29]
[19, 54]
[44, 12]
[5, 58]
[20, 56]
[38, 3]
[28, 61]
[6, 54]
[34, 0]
[38, 2]
[22, 57]
[40, 0]
[15, 54]
[29, 61]
[56, 15]
[4, 36]
[32, 0]
[5, 55]
[1, 51]
[43, 8]
[59, 3]
[15, 56]
[47, 8]
[3, 46]
[21, 55]
[36, 0]
[1, 51]
[10, 42]
[33, -1]
[11, 61]
[12, 61]
[13, 56]
[5, 45]
[13, 50]
[16, 49]
[44, 6]
[7, 49]
[23, 60]
[37, 4]
[19, 53]
[36, 0]
[24, 61]
[9, 56]
[3, 45]
[20, 57]
[14, 50]
[2, 35]
[24, 58]
[38, 4]
[37, 4]
[32, -1]
[33, 0]
[41, 6]
[39, 2]
[49, 14]
[2, 54]
[50, 13]
[45, 6]
[4, 49]
[60, 27]
[25, 59]
[59, 19]
[24, 59]
[2, 39]
[21, 62]
[13, 61]
[40, 5]
[35, 2]
[4, 40]
[-1, 51]
[48, 6]
[5, 54]
[14, 50]
[13, 62]
[4, 51]
[61, -1]
[44, 5]
[46, 3]
[56, 12]
[62, 19]
[27, 59]
[61, 28]
[53, 6]
[6, 60]
[33, 0]
[6, 58]
[35, 2]
[20, 54]
[59, 25]
[25, 62]
[44, 6]
[17, 54]
[45, 2]
[15, 55]
[32, -1]
[26, 62]
[13, 47]
[2, 56]
[28, 60]
[8, 53]
[59, 7]
[7, 50]
[38, 1]
[44, 6]
[16, 55]
[3, 56]
[7, 51]
[51, 7]
[10, 60]
[53, 19]
[37, 5]
[8, 58]
[51, 10]
[53, 9]
[8, 48]
[23, 62]
[8, 51]
[13, 46]
[9, 41]
[15, 50]
[12, 45]
[53, 6]
[32, -1]
[49, -1]
[39, 5]
[14, 49]
[16, 61]
[50, 1]
[23, 57]
[5, 42]
[22, 54]
[7, 59]
[11, 46]
[56, 13]
[39, 5]
[42, -1]
[0, 56]
[59, 18]
[7, 45]
[9, 56]
[47, 11]
[0, 45]
[1, 49]
[61, 19]
[51, 18]
[11, 43]
[7, 39]
[26, 60]
[43, 4]
[39, 4]
[21, 53]
[18, 52]
[17, 61]
[40, 2]
[45, -1]
[35, 1]
[53, 19]
[34, 1]
[62, 0]
[2, 56]
[59, 24]
[54, 3]
[38, 2]
[15, 59]
[19, 62]
[35, -1]
[5, 48]
[58, 5]
[20, 59]
[46, 3]
[38, 5]
[42, 4]
[10, 51]
[13, 48]
[25, 59]
[57, 1]
[54, 2]
[56, 11]
[55, 13]
[57, 3]
[7, 40]
[51, 8]
[35, 2]
[44, 11]
[60, 5]
[3, 50]
[51, 19]
[53, 17]
[23, 56]
[58, 11]
[24, 59]
[15, 54]
[41, 5]
[59, 22]
[22, 54]
[52, 16]
[-1, 49]
[41, 1]
[19, 53]
[25, 62]
[37, 3]
[39, 2]
[36, 3]
[18, 60]
[38, 6]
[0, 56]
[-1, 48]
[9, 56]
[49, 6]
[13, 51]
[16, 59]
[22, 59]
[1, 37]
[17, 55]
[25, 59]
[59, 6]
[22, 60]
[-1, 53]
[13, 57]
[62, 25]
[34, 2]
[32, 0]
[33, -1]
[39, 2]
[43, 10]
[14, 57]
[40, 0]
[12, 51]
[4, 55]
[40, 7]
[35, -1]
[58, 21]
[1, 56]
[17, 60]
[23, 59]
[48, 1]
[8, 57]
[0, 38]
[7, 42]
[36, 1]
[48, 9]
[8, 47]
[57, 2]
[7, 56]
[29, 61]
[2, 49]
[0, 38]
[48, 0]
[62, 9]
[49, 12]
[52, 0]
[49, 15]
[11, 54]
[22, 56]
[28, 62]
[7, 56]
[58, 7]
[43, -1]
[39, 0]
[31, -1]
[2, 61]
[48, 7]
[62, 13]
[35, -1]
[7, 45]
[52, 16]
[33, -1]
[56, 2]
[52, 11]
[25, 61]
[22, 57]
[50, 1]
[45, 4]
[60, 0]
[2, 44]
[1, 52]
[28, 60]
[9, 48]
[44, 8]
[20, 54]
[1, 45]
[61, 18]
[13, 50]
[30, 62]
[11, 45]
[13, 48]
[47, 15]
[14, 62]
[17, 59]
[26, 60]
[51, 15]
[27, 60]
[50, 3]
[22, 54]
[43, 10]
[0, 46]
[57, -1]
[11, 44]
[55, 10]
[15, 49]
[9, 48]
[55, 5]
[23, 62]
[30, 62]
[5, 60]
[31, -1]
[38, 3]
[6, 55]
[13, 60]
[21, 59]
[60, 24]
[24, 58]
[3, 37]
[19, 53]
[17, 62]
[28, 61]
[52, 17]
[21, 55]
[30, 62]
[50, -1]
[47, 5]
[8, 49]
[17, 53]
[6, 42]
[46, 9]
[0, 56]
[-1, 37]
[51, 15]
[3, 58]
[6, 40]
[17, 61]
[17, 61]
[23, 62]
[53, 6]
[16, 49]
[60, 25]
[10, 58]
[20, 61]
[38, 6]
[45, 9]
[58, 12]
[20, 61]
[18, 54]
[2, 46]
[54, 21]
[25, 59]
[50, -1]
[2, 37]
[41, 8]
[40, 1]
[18, 53]
[9, 55]
[9, 46]
[54, 3]
[49, 13]
[13, 49]
[58, 25]
[8, 54]
[9, 41]
[15, 56]
[30, 62]
[44, 1]
[48, 14]
[35, 2]
[34, 1]
[45, 5]
[53, 6]
[62, 3]
[39, 5]
[58, 20]
[39, 2]
[18, 51]
[47, 5]
[23, 57]
[27, 60]
[3, 58]
[52, 19]
[12, 46]
[3, 40]
[25, 58]
[42, -1]
[57, 25]
[21, 60]
[50, 15]
[36, 2]
[47, 7]
[42, 5]
[32, 0]
[5, 56]
[12, 55]
[33, 0]
[32, -1]
[42, 1]
[19, 52]
[19, 58]
[36, 0]
[33, -1]
[45, 8]
[56, 5]
[25, 59]
[6, 44]
[11, 44]
[53, 1]
[57, 24]
[-1, 58]
[49, -1]
[1, 41]
[20, 60]
[40, 6]
[59, 15]
[59, 11]
[13, 55]
[16, 56]
[52, 4]
[33, 0]
[15, 54]
[10, 59]
[47, 5]
[20, 57]
[34, 0]
[56, 23]
[29, 61]
[39, 3]
[61, 10]
[11, 48]
[21, 57]
[11, 59]
[7, 62]
[30, 62]
[28, 62]
[13, 53]
[23, 62]
[54, 0]
[24, 59]
[54, 4]
[-1, 35]
[48, 10]
[37, 1]
[6, 45]
[-1, 59]
[33, -1]
[43, 10]
[6, 56]
[-1, 40]
[50, 5]
[28, 61]
[28, 61]
[28, 62]
[13, 51]
[57, 9]
[16, 57]
[53, 18]
[59, 22]
[43, 2]
[1, 44]
[25, 61]
[7, 43]
[8, 41]
[36, 2]
[41, 9]
[35, 1]
[15, 50]
[2, 56]
[4, 39]
[24, 62]
[25, 62]
[29, 62]
[47, -1]
[6, 61]
[55, 21]
[44, 9]
[6, 46]
[51, 0]
[1, 52]
[27, 60]
[41, 7]
[4, 37]
[32, 0]
[4, 62]
[12, 49]
[19, 53]
[59, 10]
[32, -1]
[48, 11]
[14, 52]
[59, 5]
[55, 2]
[16, 59]
[35, 1]
[48, 8]
[29, 62]
[5, 39]
[41, 1]
[4, 48]
[62, -1]
[27, 62]
[59, 11]
[30, 62]
[32, -1]
[43, 1]
[26, 60]
[28, 61]
[16, 61]
[35, 3]
[43, 6]
[3, 39]
[31, -1]
[55, 6]
[27, 59]
[21, 57]
[42, 3]
[44, 9]
[5, 41]
[57, 14]
[47, 10]
[5, 48]
[1, 46]
[12, 55]
[51, 1]
[12, 49]
[45, 0]
[45, 13]
[3, 61]
[34, 2]
[8, 49]
[57, 17]
[17, 50]
[6, 44]
[57, 22]
[45, 7]
[12, 57]
[52, 3]
[59, 14]
[55, 0]
[29, 62]
[49, 12]
[19, 62]
[31, -1]
[51, 15]
[59, 22]
[28, 61]
[29, 61]
[46, 4]
[50, 11]
[41, 9]
[7, 39]
[46, 7]
[24, 60]
[5, 53]
[6, 54]
[19, 60]
[11, 57]
[0, 61]
[7, 54]
[17, 59]
[54, 9]
[58, 15]
[55, 9]
[56, 17]
[38, 0]
[34, 1]
[18, 53]
[46, 8]
[57, 8]
[41, 0]
[8, 43]
[48, 16]
[46, 13]
[23, 59]
[6, 62]
[23, 61]
[60, 26]
[58, 22]
[54, 11]
[39, 6]
[35, 3]
[57, 15]
[0, 35]
[40, 3]
[16, 59]
[14, 46]
[34, -1]
[11, 55]
[11, 61]
[2, 56]
[21, 55]
[19, 56]
[4, 57]
[38, 4]
[27, 60]
[-1, 59]
[39, -1]
[59, 27]
[23, 57]
[56, 21]
[15, 49]
[5, 44]
[33, 0]
[18, 62]
[15, 58]
[28, 62]
[23, 59]
[46, 4]
[11, 46]
[40, 0]
[41, 8]
[43, 3]
[31, -1]
[13, 61]
[17, 49]
[40, 6]
[55, 3]
[29, 61]
[47, 15]
[48, 14]
[7, 41]
[58, 20]
[38, 0]
[12, 57]
[22, 59]
[53, 6]
[0, 35]
[17, 52]
[55, 19]
[35, 3]
[56, 19]
[39, 7]
[42, 7]
[34, 2]
[40, 2]
[54, 17]
[3, 41]
[44, 6]
[42, -1]
[12, 45]
[-1, 46]
[24, 62]
[5, 53]
[50, 8]
[46, 2]
[45, 9]
[29, 62]
[18, 59]
[28, 61]
[34, 1]
[45, 9]
[22, 61]
[45, 11]
[52, 7]
[29, 61]
[60, 1]
[2, 61]
[40, 3]
[39, 1]
[50, 1]
[54, 20]
[8, 54]
[47, 1]
[51, -1]
[41, 1]
[33, 1]
[38, 3]
[53, 12]
[48, 8]
[19, 54]
[3, 55]
[14, 49]
[59, 3]
[18, 62]
[39, 3]
[14, 47]
[-1, 48]
[62, 1]
[17, 62]
[30, 62]
[22, 62]
[24, 57]
[18, 54]
[9, 52]
[29, 61]
[21, 59]
[58, 22]
[29, 62]
[47, 15]
[36, 0]
[50, 3]
[35, -1]
[34, -1]
[23, 59]
[15, 55]
[17, 56]
[10, 50]
[47, 3]
[43, 5]
[31, -1]
[20, 57]
[4, 56]
[2, 37]
[42, 10]
[24, 58]
[5, 46]
[55, 9]
[48, 16]
[7, 59]
[58, 5]
[23, 61]
[0, 48]
[-1, 41]
[40, 4]
[20, 62]
[15, 59]
[53, 5]
[36, 1]
[29, 62]
[49, 3]
[61, 12]
[4, 53]
[1, 43]
[46, 2]
[46, 7]
[20, 60]
[31, -1]
[2, 54]
[33, 0]
[42, 0]
[32, -1]
[36, -1]
[39, 7]
[39, 4]
[53, 13]
[40, 4]
[22, 61]
[45, 6]
[19, 51]
[38, 2]
[50, 10]
[37, 2]
[21, 57]
[51, 15]
[17, 57]
[55, 20]
[11, 56]
[25, 57]
[3, 35]
[15, 55]
[15, 60]
[41, 4]
[52, 20]
[50, 18]
[42, 4]
[61, 18]
[54, 4]
[51, 8]
[39, 6]
[19, 60]
[12, 47]
[51, 15]
[35, 2]
[52, 13]
[46, 1]
[45, 9]
[41, 9]
[51, 2]
[7, 55]
[41, -1]
[23, 58]
[6, 48]
[10, 47]
[38, 1]
[52, 16]
[43, 4]
[22, 55]
[28, 61]
[3, 57]
[46, 11]
[20, 58]
[36, 1]
[12, 56]
[7, 49]
[37, 2]
[30, 62]
[46, 2]
[18, 55]
[35, 1]
[23, 60]
[40, 4]
[58, 21]
[2, 35]
[26, 61]
[10, 62]
[22, 57]
[50, 11]
[28, 60]
[0, 33]
[15, 62]
[19, 51]
[40, -1]
[19, 59]
[51, 15]
[54, 17]
[46, 2]
[12, 53]
[44, 8]
[31, -1]
[38, 6]
[16, 49]
[14, 51]
[17, 60]
[26, 61]
[0, 60]
[9, 56]
[19, 56]
[31, -1]
[58, 9]
[17, 58]
[57, 0]
[38, 1]
[23, 62]
[28, 61]
[44, 7]
[10, 50]
[39, 1]
[55, 20]
[0, 50]
[20, 58]
[10, 59]
[53, 10]
[13, 58]
[10, 53]
[24, 57]
[13, 46]
[18, 56]
[24, 59]
[36, 3]
[46, 3]
[32, 0]
[5, 61]
[39, -1]
[44, 8]
[36, 4]
[52, 15]
[43, 10]
[40, 7]
[21, 61]
[47, 13]
[24, 60]
[3, 52]
[32, 0]
[33, 1]
[18, 61]
[18, 61]
[37, 3]
[53, 7]
[58, 12]
[20, 60]
[13, 54]
[19, 53]
[51, 5]
[55, 8]
[59, 26]
[34, -1]
[14, 48]
[36, -1]
[60, 24]
[44, 8]
[0, 54]
[46, 5]
[15, 55]
[60, 10]
[28, 62]
[59, 25]
[11, 60]
[37, 2]
[56, 7]
[45, 8]
[29, 62]
[3, 55]
[62, 11]
[43, 3]
[30, 62]
[56, 7]
[54, 12]
[28, 60]
[9, 52]
[37, 3]
[31, -1]
[61, 19]
[28, 61]
[27, 62]
[57, 12]
[59, 16]
[40, 1]
[21, 58]
[7, 44]
[45, 12]
[52, 17]
[44, 9]
[32, 0]
[36, 0]
[9, 49]
[44, 4]
[9, 61]
[50, 16]
[61, 1]
[19, 51]
[16, 49]
[33, -1]
[23, 62]
[35, -1]
[30, 62]
[32, -1]
[-1, 43]
[22, 59]
[24, 59]
[20, 60]
[56, 12]
[16, 55]
[47, 10]
[19, 56]
[15, 52]
[35, 2]
[60, 26]
[28, 61]
[37, 1]
[27, 61]
[22, 60]
[55, 8]
[48, 16]
[19, 58]
[9, 55]
[61, 24]
[11, 51]
[4, 40]
[45, 13]
[5, 43]
[33, 1]
[11, 53]
[54, 15]
[51, 13]
[51, 13]
[62, 2]
[30, 62]
[46, 0]
[38, 2]
[32, -1]
[27, 61]
[59, 9]
[57, 1]
[28, 62]
[18, 57]
[43, 6]
[43, 4]
[9, 59]
[44, -1]
[56, -1]
[29, 61]
[7, 42]
[5, 50]
[35, 1]
[18, 62]
[41, -1]
[28, 60]
[22, 59]
[49, 8]
[17, 55]
[53, 6]
[56, 6]
[47, 1]
[21, 59]
[42, 10]
[36, 3]
[7, 44]
[4, 59]
[48, 7]
[50, 14]
[52, 2]
[20, 54]
[47, 13]
[54, 14]
[41, 5]
[39, 2]
[30, 62]
[32, -1]
[12, 56]
[18, 61]
[8, 59]
[30, 62]
[17, 60]
[54, 16]
[54, 16]
[26, 60]
[22, 56]
[13, 59]
[22, 59]
[52, 1]
[3, 56]
[13, 62]
[44, 6]
[-1, 53]
[30, 62]
[62, 19]
[40, 0]
[27, 59]
[53, 10]
[44, 9]
[38, 4]
[44, 3]
[43, 0]
[57, 11]
[48, 14]
[5, 40]
[62, -1]
[22, 55]
[19, 61]
[6, 44]
[29, 62]
[0, 41]
[14, 52]
[32, -1]
[19, 52]
[43, 5]
[20, 61]
[28, 61]
[25, 61]
[0, 57]
[53, 10]
[31, -1]
[55, 21]
[60, 17]
[54, 8]
[6, 44]
[26, 58]
[9, 56]
[14, 55]
[25, 60]
[43, 0]
[45, 10]
[-1, 40]
[20, 56]
[54, 2]
[5, 41]
[57, 1]
[37, -1]
[34, 1]
[33, 1]
[-1, 53]
[52, 6]
[62, 22]
[15, 60]
[14, 55]
[21, 54]
[6, 51]
[53, 11]
[27, 62]
[36, 2]
[58, 24]
[36, 4]
[62, 15]
[14, 59]
[41, 0]
[42, 2]
[50, 0]
[-1, 51]
[11, 60]
[4, 57]
[54, 22]
[26, 61]
[31, -1]
[31, -1]
[36, 3]
[6, 59]
[21, 53]
[22, 59]
[32, -1]
[6, 53]
[59, 18]
[62, 26]
[23, 57]
[61, -1]
[17, 61]
[59, 11]
[32, 0]
[60, 6]
[14, 60]
[52, 18]
[59, 6]
[17, 61]
[14, 55]
[8, 55]
[22, 55]
[50, 2]
[6, 54]
[7, 46]
[15, 61]
[39, 2]
[54, 4]
[31, -1]
[25, 61]
[25, 62]
[40, 0]
[24, 61]
[33, 1]
[51, 10]
[13, 57]
[51, 10]
[37, 0]
[43, 0]
[58, 18]
[34, 2]
[49, 6]
[61, 13]
[30, 62]
[4, 59]
[44, 2]
[56, 3]
[22, 56]
[29, 62]
[6, 41]
[18, 57]
[6, 46]
[31, -1]
[50, 10]
[1, 60]
[52, 19]
[30, 62]
[19, 52]
[22, 57]
[24, 56]
[30, 62]
[60, 25]
[46, 4]
[40, 0]
[6, 44]
[61, 0]
[62, 2]
[20, 55]
[25, 60]
[51, 2]
[21, 61]
[53, 20]
[27, 62]
[48, 1]
[59, 23]
[33, -1]
[24, 62]
[34, 0]
[40, 4]
[45, 2]
[49, 3]
[32, 0]
[32, -1]
[32, 0]
[34, 0]
[15, 57]
[59, 20]
[51, 5]
[21, 54]
[6, 50]
[9, 61]
[51, -1]
[10, 56]
[46, 5]
[30, 62]
[3, 58]
[6, 47]
[51, 1]
[47, 6]
[38, 4]
[52, 17]
[50, 18]
[32, -1]
[61, -1]
[57, 3]
[22, 56]
[22, 54]
[54, 10]
[53, 21]
[30, 62]
[38, 5]
[25, 61]
[16, 48]
[10, 43]
[54, 18]
[56, 21]
[8, 62]
[2, 52]
[15, 50]
[56, 11]
[16, 48]
[46, 5]
[8, 62]
[14, 48]
[46, 13]
[27, 62]
[59, 8]
[43, 0]
[43, 6]
[46, 4]
[54, 11]
[13, 49]
[42, 3]
[60, 26]
[1, 53]
[3, 42]
[59, 17]
[16, 57]
[9, 59]
[41, 5]
[45, 7]
[15, 57]
[41, -1]
[16, 54]
[1, 51]
[1, 34]
[36, 2]
[38, 6]
[46, -1]
[4, 52]
[58, 17]
[51, 5]
[45, 10]
[21, 62]
[23, 61]
[9, 42]
[8, 59]
[30, 62]
[27, 59]
[14, 52]
[37, 1]
[33, 0]
[4, 42]
[56, 4]
[48, 10]
[17, 56]
[46, 9]
[58, 25]
[47, 7]
[59, 1]
[1, 58]
[46, 3]
[27, 60]
[45, 11]
[26, 62]
[52, 4]
[4, 49]
[8, 41]
[25, 59]
[55, 13]
[14, 55]
[55, 14]
[16, 57]
[4, 58]
[3, 45]
[58, 16]
[55, 1]
[38, 2]
[61, 22]
[41, 6]
[20, 57]
[41, 4]
[61, 1]
[25, 60]
[27, 59]
[34, 1]
[28, 62]
[26, 61]
[30, 62]
[43, 0]
[4, 60]
[56, 16]
[37, 5]
[30, 62]
[58, 10]
[30, 62]
[54, 13]
[48, 2]
[2, 57]
[42, 0]
[46, 4]
[26, 61]
[34, 0]
[1, 42]
[57, 14]
[27, 59]
[52, 5]
[46, 5]
[37, 0]
[1, 42]
[6, 43]
[56, 18]
[27, 60]
[20, 52]
[51, 13]
[34, -1]
[56, 0]
[22, 61]
[42, 1]
[11, 52]
[33, 1]
[55, 2]
[45, 3]
[21, 59]
[40, 2]
[21, 54]
[41, 0]
[7, 40]
[4, 60]
[44, 11]
[48, 7]
[5, 61]
[35, 2]
[19, 58]
[31, -1]
[20, 62]
[50, 9]
[51, 13]
[32, 0]
[0, 56]
[62, 0]
[55, 23]
[36, 3]
[44, 11]
[37, 3]
[36, 1]
[19, 55]
[41, 3]
[60, 8]
[30, 62]
[37, -1]
[25, 57]
[20, 58]
[0, 48]
[44, -1]
[28, 61]
[45, 5]
[55, 11]
[56, 17]
[44, 3]
[55, 17]
[-1, 38]
[11, 43]
[61, 2]
[27, 61]
[27, 62]
[11, 51]
[59, 18]
[33, 1]
[36, 2]
[-1, 32]
[43, 11]
[46, 6]
[4, 44]
[57, 25]
[22, 61]
[10, 53]
[19, 61]
[9, 47]
[19, 51]
[57, 22]
[35, 2]
[1, 45]
[31, -1]
[5, 53]
[47, 5]
[34, 1]
[48, 12]
[19, 62]
[32, 0]
[4, 56]
[59, 0]
[42, 10]
[12, 52]
[39, 0]
[1, 48]
[44, 9]
[55, -1]
[2, 58]
[37, -1]
[45, 3]
[26, 62]
[50, 12]
[29, 62]
[29, 62]
[10, 58]
[22, 60]
[53, 0]
[15, 55]
[11, 51]
[50, 11]
[61, 23]
[51, 10]
[14, 52]
[36, 4]
[4, 45]
[23, 56]
[44, 4]
[11, 50]
[19, 62]
[21, 57]
[23, 57]
[-1, 57]
[3, 62]
[0, 39]
[8, 53]
[58, 3]
[51, 6]
[22, 61]
[52, 1]
[32, -1]
[34, -1]
[12, 52]
[14, 46]
[59, 17]
[34, 1]
[37, 1]
[29, 62]
[16, 50]
[4, 43]
[28, 62]
[57, 4]
[7, 50]
[57, 18]
[16, 54]
[16, 60]
[49, 3]
[14, 60]
[33, 1]
[35, 3]
[8, 45]
[-1, 51]
[3, 57]
[52, 10]
[46, 0]
[37, 0]
[42, 10]
[60, 21]
[31, -1]
[51, 4]
[45, 13]
[20, 59]
[50, 11]
[21, 56]
[0, 38]
[42, 0]
[59, 1]
[49, 10]
[55, 8]
[1, 43]
[60, -1]
[44, 6]
[14, 62]
[59, 8]
[25, 62]
[-1, 44]
[14, 49]
[0, 62]
[25, 61]
[27, 59]
[55, 8]
[51, 10]
[32, 0]
[11, 57]
[61, 0]
[10, 57]
[27, 59]
[36, 2]
[39, 3]
[18, 57]
[48, 6]
[36, -1]
[52, 11]
[0, 45]
[51, 0]
[34, 1]
[35, 0]
[28, 60]
[33, -1]
[38, 5]
[51, 10]
[-1, 58]
[40, 8]
[3, 36]
[46, 7]
[31, -1]
[33, 1]
[34, -1]
[22, 56]
[46, 0]
[55, -1]
[6, 40]
[55, 17]
[22, 61]
[28, 60]
[46, 12]
[38, 3]
[59, 9]
[51, 6]
[12, 52]
[58, 6]
[61, 4]
[0, 51]
[10, 57]
[18, 56]
[26, 62]
[22, 59]
[48, 5]
[21, 58]
[6, 51]
[39, 7]
[32, 0]
[26, 59]
[14, 51]
[61, 2]
[32, -1]
[58, 20]
[-1, 49]
[22, 60]
[48, 14]
[38, 1]
[17, 52]
[39, 2]
[40, 7]
[38, 0]
[49, 6]
[20, 59]
[10, 57]
[47, 0]
[23, 60]
[59, 18]
[36, 1]
[16, 50]
[33, 1]
[62, 23]
[31, -1]
[35, 1]
[25, 59]
[43, 6]
[52, 9]
[8, 60]
[51, 4]
[52, 16]
[24, 60]
[16, 54]
[-1, 38]
[59, 7]
[51, 7]
[54, 17]
[54, 12]
[41, 3]
[37, -1]
[59, 1]
[16, 59]
[32, -1]
[3, 42]
[27, 59]
[11, 45]
[6, 44]
[33, 0]
[29, 62]
[37, 0]
[40, 2]
[53, 6]
[47, 0]
[12, 56]
[26, 58]
[8, 62]
[47, 5]
[36, 1]
[10, 57]
[54, 4]
[62, 18]
[36, 2]
[39, 3]
[18, 59]
[17, 60]
[35, 3]
[35, 3]
[54, 14]
[60, 28]
[20, 56]
[18, 62]
[19, 58]
[3, 61]
[0, 40]
[35, 0]
[27, 59]
[52, 14]
[44, 3]
[62, 27]
[46, 7]
[43, 4]
[3, 57]
[-1, 48]
[18, 51]
[33, -1]
[59, 6]
[13, 54]
[57, 12]
[48, 8]
[59, 0]
[21, 62]
[2, 45]
[9, 48]
[40, 2]
[32, 0]
[10, 62]
[43, 10]
[45, 2]
[11, 59]
[13, 49]
[18, 62]
[53, 21]
[51, 13]
[50, 12]
[50, 11]
[5, 46]
[-1, 44]
[5, 41]
[31, -1]
[58, 2]
[21, 55]
[40, -1]
[57, 9]
[52, 20]
[57, 23]
[9, 49]
[6, 55]
[9, 62]
[42, 3]
[40, 1]
[49, 9]
[19, 59]
[50, 5]
[7, 44]
[23, 61]
[62, 8]
[4, 44]
[37, 0]
[20, 59]
[60, 16]
[45, 6]
[7, 40]
[17, 58]
[2, 46]
[33, -1]
[0, 61]
[18, 57]
[13, 47]
[10, 50]
[54, 19]
[28, 60]
[59, 17]
[21, 53]
[30, 62]
[23, 55]
[28, 61]
[47, 2]
[5, 45]
[3, 48]
[51, -1]
[18, 54]
[5, 61]
[62, 9]
[3, 47]
[50, 4]
[42, 1]
[44, 0]
[41, 3]
[40, -1]
[46, 3]
[0, 38]
[12, 50]
[13, 60]
[45, 9]
[17, 60]
[18, 60]
[29, 61]
[37, -1]
[30, 62]
[24, 59]
[1, 46]
[55, 10]
[55, 20]
[1, 62]
[14, 51]
[6, 46]
[46, 1]
[57, 11]
[26, 58]
[35, 3]
[11, 57]
[34, 2]
[46, 5]
[16, 61]
[49, 7]
[38, 5]
[15, 55]
[16, 58]
[0, 57]
[29, 61]
[5, 43]
[36, 4]
[6, 53]
[15, 53]
[8, 42]
[26, 59]
[48, 4]
[48, 4]
[7, 61]
[34, -1]
[57, 11]
[32, -1]
[10, 49]
[0, 34]
[8, 40]
[17, 56]
[57, 16]
[1, 33]
[23, 57]
[6, 39]
[19, 53]
[53, 2]
[9, 56]
[14, 54]
[40, 1]
[38, 2]
[61, 17]
[17, 58]
[45, 5]
[42, 10]
[16, 50]
[26, 61]
[30, 62]
[58, 7]
[53, 20]
[31, -1]
[8, 44]
[16, 60]
[48, 4]
[60, 6]
[21, 53]
[28, 60]
[12, 58]
[20, 61]
[20, 61]
[27, 59]
[40, 4]
[39, 5]
[50, 2]
[58, 24]
[3, 54]
[34, 0]
[59, 13]
[15, 60]
[45, 3]
[20, 62]
[23, 62]
[40, 6]
[10, 47]
[41, 9]
[62, 19]
[55, 16]
[13, 50]
[41, 4]
[-1, 59]
[33, 0]
[0, 53]
[23, 57]
[35, 3]
[1, 39]
[60, 27]
[44, 11]
[14, 61]
[27, 62]
[14, 62]
[21, 61]
[7, 54]
[59, -1]
[23, 57]
[43, 10]
[35, 2]
[21, 53]
[18, 62]
[39, 6]
[50, 9]
[14, 59]
[9, 55]
[5, 49]
[5, 44]
[23, 62]
[34, 1]
[32, 0]
[0, 45]
[48, 2]
[30, 62]
[24, 56]
[26, 58]
[18, 50]
[62, 19]
[24, 58]
[47, 11]
[12, 59]
[46, 7]
[56, 1]
[28, 61]
[47, 1]
[60, 20]
[9, 58]
[8, 42]
[43, 2]
[14, 47]
[30, 62]
[58, 14]
[4, 49]
[34, 2]
[29, 62]
[55, 22]
[52, 2]
[49, 0]
[12, 59]
[2, 39]
[4, 39]
[19, 60]
[57, 1]
[30, 62]
[49, -1]
[30, 62]
[30, 62]
[28, 60]
[8, 58]
[44, 3]
[28, 62]
[11, 62]
[39, 4]
[49, -1]
[45, 7]
[39, 2]
[13, 54]
[31, -1]
[39, 7]
[27, 62]
[37, -1]
[20, 58]
[30, 62]
[16, 62]
[38, 6]
[12, 55]
[41, 1]
[60, 9]
[54, -1]
[49, 15]
[23, 61]
[61, 16]
[9, 43]
[37, 3]
[1, 38]
[26, 60]
[3, 42]
[35, -1]
[35, 3]
[51, 8]
[28, 61]
[62, 18]
[32, 0]
[13, 49]
[2, 38]
[43, 8]
[22, 62]
[54, 3]
[39, 3]
[30, 62]
[12, 56]
[24, 56]
[16, 51]
[22, 58]
[36, 4]
[58, 16]
[16, 56]
[14, 53]
[25, 62]
[6, 40]
[29, 62]
[31, -1]
[62, 11]
[0, 39]
[51, 10]
[18, 56]
[55, 16]
[9, 44]
[26, 60]
[0, 41]
[59, 0]
[35, 2]
[49, 15]
[47, -1]
[13, 46]
[3, 58]
[56, 6]
[11, 60]
[19, 52]
[42, 0]
[62, 0]
[56, 13]
[35, 0]
[46, 5]
[59, 5]
[1, 46]
[48, 6]
[46, -1]
[26, 58]
[9, 58]
[43, 8]
[29, 61]
[26, 58]
[61, 25]
[42, 7]
[9, 50]
[47, 5]
[20, 61]
[58, 19]
[44, 2]
[31, -1]
[27, 59]
[43, 0]
[45, 8]
[44, 11]
[53, -1]
[28, 61]
[59, 2]
[58, 11]
[50, 2]
[55, 17]
[32, -1]
[51, -1]
[19, 58]
[18, 59]
[51, -1]
[29, 62]
[20, 53]
[10, 50]
[11, 58]
[61, 17]
[17, 57]
[34, 1]
[37, 5]
[38, 5]
[17, 60]
[38, 6]
[13, 62]
[40, 5]
[42, 4]
[58, 6]
[10, 46]
[12, 59]
[22, 57]
[46, 4]
[0, 60]
[35, 1]
[57, 19]
[25, 60]
[10, 58]
[43, 2]
[18, 51]
[54, 20]
[16, 48]
[45, 6]
[52, 10]
[41, 3]
[8, 46]
[51, 11]
[46, 3]
[20, 57]
[43, 6]
[41, 3]
[57, -1]
[50, 10]
[19, 57]
[52, -1]
[45, 0]
[29, 61]
[21, 58]
[22, 59]
[38, 3]
[35, 3]
[41, 2]
[59, 5]
[1, 57]
[35, 1]
[33, 0]
[60, 26]
[4, 43]
[4, 49]
[1, 61]
[35, -1]
[59, 17]
[14, 57]
[3, 35]
[4, 42]
[32, -1]
[61, 0]
[32, 0]
[1, 54]
[1, 35]
[55, 22]
[40, -1]
[45, 10]
[3, 59]
[16, 62]
[58, 0]
[15, 49]
[5, 48]
[1, 50]
[62, 16]
[61, 5]
[10, 49]
[59, 2]
[51, 11]
[51, 19]
[42, 1]
[50, 15]
[37, 5]
[47, 0]
[4, 60]
[56, 15]
[47, 15]
[61, 17]
[4, 46]
[58, 15]
[20, 52]
[33, 0]
[38, 4]
[42, 2]
[32, 0]
[19, 60]
[-1, 57]
[0, 53]
[49, 17]
[4, 56]
[0, 61]
[49, 10]
[10, 59]
[21, 60]
[60, 1]
[60, 6]
[9, 47]
[12, 56]
[18, 58]
[1, 47]
[25, 59]
[62, 27]
[17, 60]
[5, 53]
[53, -1]
[62, 15]
[20, 53]
[1, 56]
[40, 8]
[51, 5]
[48, 5]
[1, 40]
[54, -1]
[29, 62]
[45, -1]
[16, 50]
[18, 59]
[3, 61]
[23, 58]
[35, 2]
[15, 50]
[20, 62]
[56, 15]
[33, 0]
[44, 11]
[58, 8]
[4, 61]
[2, 45]
[59, 17]
[23, 56]
[58, 9]
[31, -1]
[42, 0]
[17, 56]
[43, 1]
[5, 53]
[42, 0]
[27, 60]
[58, 17]
[45, -1]
[15, 48]
[9, 43]
[13, 47]
[57, 11]
[5, 49]
[11, 61]
[29, 62]
[9, 60]
[3, 56]
[14, 47]
[60, 9]
[47, 15]
[28, 61]
[12, 53]
[26, 62]
[17, 58]
[25, 59]
[61, 22]
[29, 62]
[8, 40]
[34, 0]
[14, 54]
[58, 5]
[57, 16]
[7, 48]
[18, 58]
[48, 11]
[43, -1]
[61, 4]
[21, 54]
[39, 4]
[10, 61]
[46, 0]
[47, 14]
[51, 17]
[19, 51]
[43, 5]
[12, 59]
[50, 13]
[9, 51]
[56, 18]
[22, 56]
[48, 9]
[45, 9]
[61, 21]
[5, 48]
[22, 59]
[13, 48]
[33, -1]
[48, 13]
[5, 53]
[62, 27]
[42, 8]
[14, 55]
[58, 1]
[61, 25]
[47, 5]
[20, 54]
[25, 59]
[23, 62]
[24, 61]
[23, 59]
[59, 23]
[23, 58]
[43, -1]
[27, 60]
[49, 11]
[3, 35]
[52, 11]
[36, 0]
[60, 17]
[27, 61]
[54, 5]
[52, 7]
[0, 44]
[7, 43]
[58, 1]
[47, 15]
[36, -1]
[30, 62]
[21, 58]
[47, 7]
[0, 57]
[15, 62]
[31, -1]
[31, -1]
[37, 5]
[22, 56]
[15, 49]
[54, 1]
[15, 60]
[62, 11]
[35, 1]
[9, 42]
[13, 61]
[21, 58]
[12, 48]
[35, 1]
[19, 58]
[6, 55]
[56, 1]
[19, 58]
[19, 59]
[21, 57]
[-1, 42]
[18, 50]
[4, 37]
[37, 2]
[44, 8]
[39, 0]
[43, 5]
[33, -1]
[22, 62]
[24, 57]
[47, 7]
[60, 25]
[11, 62]
[37, 1]
[41, 5]
[7, 62]
[44, 12]
[28, 60]
[7, 46]
[27, 60]
[23, 59]
[49, 13]
[14, 48]
[47, 1]
[25, 61]
[19, 59]
[57, 6]
[54, 9]
[9, 60]
[21, 54]
[41, 6]
[30, 62]
[39, 0]
[7, 54]
[25, 57]
[21, 59]
[28, 61]
[57, 5]
[22, 61]
[39, 7]
[11, 47]
[41, 1]
[34, 1]
[37, 1]
[16, 49]
[5, 44]
[9, 54]
[18, 51]
[29, 61]
[30, 62]
[19, 53]
[14, 53]
[33, -1]
[0, 42]
[55, 14]
[4, 40]
[35, 2]
[33, -1]
[11, 53]
[1, 36]
[29, 62]
[43, 3]
[24, 58]
[18, 50]
[32, -1]
[3, 42]
[57, 20]
[1, 49]
[51, 10]
[59, -1]
[17, 62]
[42, 3]
[46, 14]
[58, 25]
[26, 60]
[25, 60]
[39, 4]
[35, 0]
[48, 15]
[8, 59]
[41, -1]
[55, 10]
[23, 55]
[45, 11]
[4, 59]
[3, 42]
[53, 8]
[1, 36]
[5, 43]
[38, 3]
[51, 11]
[42, 7]
[41, 0]
[0, 33]
[6, 61]
[2, 51]
[27, 62]
[26, 58]
[31, -1]
[51, 12]
[45, 5]
[7, 51]
[52, 5]
[5, 38]
[9, 42]
[18, 52]
[13, 45]
[55, 7]
[58, 3]
[10, 54]
[20, 62]
[13, 59]
[1, 40]
[34, 0]
[49, 12]
[11, 51]
[53, -1]
[28, 60]
[16, 56]
[27, 62]
[16, 58]
[41, 9]
[61, 13]
[24, 57]
[15, 60]
[48, 10]
[30, 62]
[34, 1]
[45, 10]
[35, -1]
[40, 2]
[41, 1]
[10, 59]
[27, 62]
[9, 51]
[40, 5]
[55, 7]
[1, 36]
[21, 53]
[50, 13]
[11, 47]
[56, 20]
[48, 5]
[29, 62]
[12, 51]
[39, 6]
[0, 62]
[18, 53]
[54, 21]
[24, 56]
[49, 5]
[40, 8]
[52, 1]
[58, 26]
[10, 45]
[8, 53]
[34, -1]
[31, -1]
[22, 60]
[9, 62]
[10, 44]
[35, 1]
[24, 57]
[32, -1]
[40, -1]
[43, 2]
[60, 23]
[12, 47]
[48, 7]
[4, 53]
[59, 3]
[49, 12]
[-1, 48]
[19, 52]
[8, 53]
[45, 13]
[57, 11]
[55, 4]
[10, 52]
[42, 8]
[47, 5]
[19, 54]
[57, 18]
[59, 17]
[23, 56]
[25, 60]
[22, 56]
[0, 39]
[31, -1]
[9, 60]
[62, 2]
[41, 2]
[6, 45]
[25, 59]
[0, 42]
[20, 57]
[62, -1]
[60, 25]
[47, 14]
[0, 49]
[14, 62]
[9, 42]
[43, 5]
[52, 2]
[34, 1]
[0, 42]
[12, 53]
[50, 15]
[30, 62]
[15, 50]
[53, 3]
[20, 53]
[34, 2]
[47, 2]
[41, 5]
[39, 2]
[62, 12]
[23, 61]
[56, 23]
[52, 12]
[22, 60]
[42, 9]
[28, 61]
[60, 23]
[14, 59]
[34, 2]
[20, 53]
[57, 25]
[50, 10]
[44, 11]
[62, 14]
[59, 6]
[26, 61]
[32, -1]
[29, 62]
[50, 8]
[51, 3]
[60, 19]
[25, 61]
[1, 33]
[54, 11]
[2, 52]
[39, 5]
[10, 61]
[15, 51]
[43, 9]
[8, 48]
[12, 45]
[33, 0]
[21, 60]
[46, 5]
[27, 61]
[41, 6]
[5, 51]
[19, 62]
[8, 44]
[54, 13]
[31, -1]
[22, 62]
[38, 5]
[46, 10]
[33, 1]
[29, 62]
[59, 21]
[46, 6]
[0, 57]
[6, 50]
[50, 2]
[14, 47]
[-1, 48]
[17, 54]
[38, 0]
[7, 54]
[25, 57]
[5, 53]
[-1, 48]
[49, 1]
[28, 62]
[22, 56]
[32, -1]
[23, 62]
[34, 0]
[7, 58]
[47, 1]
[5, 42]
[14, 61]
[19, 59]
[9, 60]
[34, 2]
[21, 57]
[14, 48]
[30, 62]
[20, 54]
[21, 56]
[19, 56]
[35, 1]
[13, 54]
[52, 6]
[49, 11]
[25, 60]
[51, 13]
[19, 57]
[10, 61]
[5, 45]
[57, 24]
[9, 58]
[14, 46]
[43, 1]
[49, 6]
[33, 0]
[11, 52]
[54, 0]
[30, 62]
[42, 5]
[10, 46]
[3, 58]
[49, 16]
[9, 42]
[46, 1]
[7, 40]
[36, 2]
[22, 57]
[8, 49]
[35, 2]
[47, 4]
[19, 60]
[45, 11]
[27, 61]
[2, 47]
[57, 14]
[0, 37]
[9, 52]
[4, 39]
[3, 46]
[55, 21]
[34, -1]
[25, 59]
[61, 12]
[14, 56]
[22, 62]
[3, 57]
[35, 3]
[5, 62]
[29, 62]
[40, 2]
[21, 55]
[39, 1]
[43, 5]
[37, 3]
[8, 50]
[31, -1]
[18, 56]
[11, 47]
[55, 20]
[61, 24]
[58, 21]
[16, 62]
[43, 2]
[42, 9]
[40, 5]
[41, 1]
[43, 0]
[5, 62]
[0, 33]
[7, 62]
[5, 49]
[61, 21]
[11, 47]
[53, 18]
[47, 3]
[13, 56]
[43, 4]
[6, 48]
[25, 61]
[57, 15]
[55, 10]
[62, 17]
[6, 57]
[22, 60]
[9, 43]
[45, 3]
[60, 28]
[36, 0]
[38, 3]
[24, 58]
[1, 42]
[46, -1]
[35, 1]
[19, 51]
[-1, 55]
[51, 9]
[11, 55]
[42, 5]
[14, 51]
[36, 4]
[15, 56]
[53, 10]
[55, 7]
[19, 58]
[33, -1]
[15, 49]
[48, 8]
[38, 6]
[27, 61]
[2, 47]
[12, 45]
[54, 1]
[7, 60]
[54, 14]
[15, 49]
[37, 5]
[30, 62]
[55, 15]
[52, 5]
[19, 52]
[17, 51]
[59, 10]
[58, 12]
[9, 54]
[6, 59]
[31, -1]
[12, 46]
[60, 2]
[54, 19]
[48, 13]
[45, -1]
[16, 57]
[19, 56]
[58, 5]
[1, 35]
[28, 62]
[40, 4]
[0, 54]
[53, 5]
[6, 53]
[41, 7]
[35, -1]
[47, 13]
[39, 3]
[7, 53]
[43, 1]
[17, 62]
[37, 0]
[18, 51]
[30, 62]
[40, 7]
[61, 26]
[21, 57]
[39, 5]
[10, 42]
[9, 47]
[48, 16]
[44, 1]
[18, 55]
[-1, 51]
[46, 6]
[40, 4]
[58, 4]
[36, 1]
[30, 62]
[15, 54]
[14, 49]
[1, 38]
[37, 0]
[28, 62]
[21, 59]
[19, 56]
[62, 3]
[20, 62]
[39, 0]
[5, 60]
[28, 62]
[2, 56]
[9, 58]
[36, 2]
[24, 57]
[52, -1]
[18, 53]
[8, 56]
[45, 6]
[44, 4]
[6, 57]
[1, 41]
[6, 56]
[1, 62]
[26, 59]
[40, 4]
[-1, 55]
[32, 0]
[13, 61]
[54, 20]
[21, 57]
[37, 5]
[7, 39]
[34, -1]
[61, 26]
[62, 6]
[9, 57]
[58, -1]
[20, 61]
[54, 3]
[39, 1]
[8, 46]
[4, 62]
[0, 37]
[21, 55]
[50, 17]
[50, 2]
[42, 1]
[5, 44]
[14, 50]
[9, 55]
[48, 11]
[8, 48]
[18, 58]
[54, 19]
[8, 55]
[6, 61]
[31, -1]
[10, 56]
[4, 62]
[43, -1]
[27, 61]
[11, 50]
[41, 3]
[2, 52]
[18, 50]
[49, 6]
[25, 62]
[15, 48]
[8, 40]
[44, 5]
[19, 62]
[27, 59]
[0, 53]
[46, 6]
[52, 15]
[11, 58]
[34, -1]
[30, 62]
[37, 0]
[61, 1]
[31, -1]
[23, 59]
[42, 3]
[52, 7]
[1, 54]
[34, 2]
[33, 0]
[0, 50]
[18, 51]
[19, 58]
[34, -1]
[33, -1]
[27, 61]
[39, 3]
[27, 60]
[43, 8]
[32, 0]
[16, 59]
[18, 56]
[42, 2]
[9, 54]
[59, 4]
[40, 3]
[27, 62]
[34, 1]
[15, 60]
[7, 53]
[10, 46]
[45, 4]
[3, 56]
[2, 55]
[20, 54]
[32, 0]
[17, 55]
[46, 8]
[40, 7]
[52, 17]
[20, 60]
[41, 5]
[23, 61]
[11, 58]
[59, 6]
[52, 8]
[15, 53]
[53, 14]
[43, 7]
[54, 1]
[40, 8]
[42, 8]
[57, 11]
[1, 44]
[26, 60]
[46, 6]
[46, 1]
[33, -1]
[43, 11]
[7, 57]
[43, 0]
[6, 48]
[29, 62]
[26, 59]
[-1, 42]
[21, 55]
[14, 50]
[41, 9]
[51, 10]
[18, 53]
[32, 0]
[48, 8]
[28, 62]
[7, 58]
[32, 0]
[-1, 38]
[11, 44]
[37, 4]
[51, 6]
[12, 59]
[5, 59]
[19, 58]
[15, 50]
[33, -1]
[54, 3]
[27, 61]
[14, 60]
[55, 15]
[16, 54]
[22, 61]
[16, 53]
[59, 1]
[19, 62]
[40, 0]
[14, 58]
[2, 43]
[2, 58]
[41, 8]
[49, 3]
[15, 60]
[5, 44]
[56, 17]
[18, 54]
[11, 48]
[24, 59]
[25, 62]
[7, 59]
[27, 60]
[38, 0]
[32, -1]
[39, 4]
[34, 2]
[22, 54]
[33, 1]
[16, 53]
[2, 42]
[7, 56]
[47, -1]
[35, 1]
[28, 61]
[9, 59]
[35, 3]
[14, 48]
[54, 21]
[15, 49]
[10, 45]
[10, 58]
[48, 8]
[19, 59]
[37, 4]
[11, 52]
[8, 61]
[60, 20]
[52, 5]
[4, 39]
[3, 53]
[24, 58]
[28, 62]
[17, 52]
[0, 34]
[27, 59]
[7, 56]
[47, 10]
[51, 8]
[51, 1]
[61, 25]
[37, 5]
[59, 25]
[39, -1]
[35, 0]
[-1, 54]
[30, 62]
[57, 25]
[47, 3]
[27, 60]
[34, 1]
[43, -1]
[43, 8]
[50, -1]
[50, 4]
[58, 15]
[56, 21]
[35, 0]
[20, 52]
[53, 12]
[60, 1]
[52, 13]
[48, 9]
[57, 3]
[46, 6]
[47, -1]
[45, 4]
[8, 55]
[54, 0]
[44, -1]
[39, 0]
[57, 2]
[34, -1]
[6, 51]
[56, 0]
[37, 3]
[57, 16]
[14, 56]
[9, 54]
[47, 3]
[34, 0]
[53, 18]
[9, 47]
[40, 8]
[30, 62]
[16, 59]
[-1, 33]
[13, 54]
[30, 62]
[39, 5]
[20, 53]
[41, 0]
[44, 1]
[13, 60]
[12, 57]
[1, 35]
[23, 61]
[14, 55]
[52, 7]
[38, 5]
[9, 58]
[30, 62]
[48, 10]
[17, 59]
[14, 50]
[5, 53]
[48, 4]
[62, 3]
[58, 14]
[42, 6]
[3, 36]
[51, 12]
[36, -1]
[32, -1]
[45, 8]
[25, 59]
[47, 7]
[16, 49]
[33, 0]
[56, 12]
[7, 51]
[46, 14]
[19, 52]
[5, 54]
[29, 62]
[15, 54]
[29, 61]
[58, 19]
[-1, 36]
[42, 7]
[52, 18]
[6, 45]
[55, 16]
[39, 6]
[23, 62]
[6, 51]
[23, 56]
[13, 60]
[32, 0]
[48, 2]
[-1, 49]
[42, 6]
[61, 3]
[56, 11]
[60, 5]
[46, 11]
[1, 43]
[3, 55]
[56, 3]
[9, 51]
[5, 54]
[31, -1]
[36, 1]
[13, 48]
[21, 56]
[54, 8]
[44, 9]
[23, 57]
[43, 7]
[37, -1]
[54, 19]
[56, 3]
[40, -1]
[57, 12]
[25, 59]
[6, 43]
[26, 59]
[16, 55]
[17, 61]
[-1, 61]
[48, 14]
[62, 16]
[8, 46]
[48, -1]
[56, 0]
[7, 44]
[27, 59]
[36, 3]
[47, 1]
[57, 5]
[51, 9]
[55, 17]
[41, 4]
[20, 60]
[11, 48]
[2, 60]
[49, 9]
[22, 54]
[29, 62]
[19, 57]
[6, 60]
[34, 1]
[50, 10]
[54, 1]
[2, 42]
[51, 7]
[59, 23]
[39, 1]
[0, 47]
[30, 62]
[61, 29]
[1, 59]
[24, 58]
[14, 56]
[29, 62]
[1, 36]
[28, 61]
[40, 6]
[15, 60]
[62, 19]
[0, 56]
[21, 56]
[62, 16]
[40, 3]
[54, -1]
[16, 58]
[9, 49]
[47, 15]
[10, 48]
[27, 61]
[59, 13]
[17, 60]
[32, 0]
[18, 59]
[5, 50]
[49, 17]
[62, 12]
[57, 10]
[35, 3]
[12, 55]
[60, 27]
[60, 16]
[33, 1]
[44, 11]
[29, 62]
[8, 46]
[12, 47]
[28, 62]
[50, 0]
[49, 7]
[34, -1]
[59, 5]
[3, 45]
[53, 6]
[37, 1]
[44, 10]
[40, -1]
[3, 47]
[60, 16]
[10, 61]
[47, 15]
[61, 19]
[3, 41]
[49, 9]
[45, 4]
[21, 56]
[41, 5]
[10, 52]
[35, -1]
[48, 12]
[21, 59]
[56, 7]
[27, 60]
[59, 1]
[38, 4]
[50, 18]
[6, 61]
[62, 23]
[18, 58]
[39, -1]
[21, 57]
[35, 3]
[7, 46]
[5, 51]
[61, 11]
[35, 3]
[8, 41]
[29, 61]
[39, 3]
[32, 0]
[25, 61]
[16, 57]
[30, 62]
[9, 59]
[45, 2]
[1, 54]
[9, 48]
[5, 60]
[55, 18]
[57, 13]
[32, 0]
[55, 19]
[36, 3]
[9, 54]
[28, 60]
[37, 1]
[19, 60]
[6, 59]
[46, 11]
[5, 51]
[38, 3]
[39, 0]
[60, 26]
[31, -1]
[47, 7]
[15, 55]
[9, 62]
[30, 62]
[27, 61]
[16, 55]
[42, 7]
[52, 5]
[10, 60]
[4, 56]
[47, 9]
[54, 1]
[36, -1]
[56, 15]
[12, 46]
[0, 50]
[56, 10]
[25, 60]
[44, 1]
[37, 4]
[40, 3]
[31, -1]
[31, -1]
[37, 1]
[43, 2]
[52, 8]
[6, 42]
[33, 0]
[60, 17]
[14, 60]
[60, 2]
[56, 12]
[23, 56]
[22, 60]
[3, 53]
[35, 2]
[62, 3]
[14, 59]
[10, 57]
[8, 53]
[41, -1]
[11, 60]
[2, 50]
[47, 6]
[38, 3]
[27, 60]
[4, 62]
[50, 4]
[6, 56]
[57, 16]
[55, 22]
[48, 9]
[2, 39]
[14, 49]
[14, 57]
[32, -1]
[53, 19]
[13, 55]
[47, 4]
[56, 9]
[60, 20]
[12, 46]
[6, 40]
[56, 0]
[60, 12]
[54, 18]
[62, 13]
[26, 62]
[36, 0]
[11, 52]
[13, 50]
[38, 6]
[34, 2]
[7, 40]
[46, 0]
[54, 20]
[41, 2]
[60, 12]
[1, 38]
[9, 53]
[36, 3]
[42, 10]
[33, 0]
[52, 20]
[19, 58]
[32, 0]
[50, 15]
[58, 20]
[58, 21]
[3, 60]
[29, 61]
[-1, 62]
[1, 51]
[21, 56]
[50, 2]
[53, 4]
[40, 2]
[40, 1]
[20, 53]
[40, 2]
[36, 4]
[15, 56]
[39, 1]
[6, 40]
[54, 2]
[14, 52]
[56, 24]
[15, 60]
[53, 20]
[8, 62]
[37, 2]
[15, 49]
[16, 62]
[11, 51]
[4, 60]
[2, 48]
[-1, 33]
[60, 20]
[54, 16]
[59, 17]
[21, 56]
[2, 37]
[23, 58]
[4, 57]
[33, -1]
[24, 61]
[25, 58]
[9, 57]
[18, 50]
[20, 54]
[20, 55]
[3, 40]
[56, 20]
[21, 53]
[13, 61]
[23, 60]
[1, 61]
[10, 44]
[9, 55]
[19, 58]
[47, -1]
[44, 11]
[58, 21]
[8, 40]
[19, 57]
[-1, 34]
[26, 61]
[33, 1]
[12, 44]
[39, 7]
[49, 10]
[5, 46]
[22, 56]
[16, 57]
[50, 2]
[5, 53]
[62, 8]
[9, 59]
[3, 51]
[16, 52]
[43, 8]
[61, 29]
[0, 49]
[24, 62]
[22, 56]
[40, 0]
[8, 48]
[10, 55]
[13, 53]
[39, 1]
[33, 0]
[29, 62]
[52, 11]
[4, 37]
[61, 18]
[54, 22]
[27, 60]
[55, 13]
[5, 53]
[11, 47]
[51, 8]
[19, 54]
[13, 54]
[27, 61]
[51, 4]
[24, 58]
[62, 9]
[3, 59]
[43, 2]
[30, 62]
[19, 58]
[6, 38]
[23, 60]
[5, 54]
[51, 5]
[4, 44]
[47, 6]
[34, -1]
[47, 13]
[43, 3]
[43, 4]
[50, 3]
[61, 11]
[5, 50]
[42, 0]
[25, 60]
[21, 61]
[38, 4]
[8, 57]
[18, 61]
[11, 46]
[26, 58]
[49, 12]
[14, 48]
[33, 1]
[7, 42]
[53, 0]
[47, 0]
[12, 56]
[24, 59]
[55, 1]
[44, 2]
[62, 16]
[26, 61]
[6, 54]
[43, 7]
[13, 46]
[14, 58]
[31, -1]
[47, 13]
[45, 6]
[2, 56]
[48, 1]
[18, 54]
[21, 59]
[21, 60]
[34, 0]
[37, -1]
[5, 48]
[11, 61]
[4, 62]
[58, 7]
[22, 61]
[-1, 45]
[11, 45]
[11, 51]
[60, 3]
[31, -1]
[24, 57]
[12, 58]
[41, 8]
[-1, 61]
[53, 9]
[21, 57]
[21, 55]
[38, 5]
[40, 7]
[39, 7]
[36, 0]
[44, 6]
[4, 44]
[18, 51]
[29, 61]
[21, 61]
[12, 62]
[42, 3]
[23, 61]
[17, 53]
[47, 0]
[2, 34]
[14, 50]
[-1, 62]
[25, 58]
[42, -1]
[16, 48]
[41, 2]
[47, 1]
[18, 50]
[53, 16]
[54, 18]
[44, 7]
[15, 50]
[53, 12]
[4, 50]
[48, 12]
[17, 53]
[62, 24]
[33, 1]
[22, 57]
[39, 4]
[43, 5]
[14, 46]
[13, 53]
[62, 5]
[46, 14]
[51, 14]
[7, 49]
[50, -1]
[48, 15]
[43, 0]
[61, 21]
[62, 18]
[41, 6]
[27, 62]
[49, -1]
[46, 13]
[49, 9]
[15, 57]
[36, 4]
[55, 8]
[47, 3]
[-1, 43]
[41, 8]
[49, 0]
[-1, 44]
[45, 4]
[28, 60]
[12, 62]
[6, 44]
[1, 58]
[35, 0]
[14, 49]
[15, 58]
[27, 60]
[23, 58]
[50, 0]
[42, 4]
[23, 60]
[26, 59]
[10, 56]
[54, 22]
[5, 47]
[43, 10]
[13, 46]
[42, 8]
[39, 0]
[46, 4]
[45, 0]
[37, 0]
[37, 1]
[52, 17]
[4, 48]
[48, 5]
[10, 44]
[34, 0]
[53, 9]
[28, 61]
[49, 12]
[16, 62]
[61, 5]
[40, 7]
[14, 52]
[13, 61]
[19, 60]
[34, 1]
[38, 4]
[42, 4]
[26, 61]
[26, 59]
[29, 61]
[61, 4]
[41, 0]
[56, 1]
[26, 60]
[27, 61]
[30, 62]
[6, 54]
[59, 6]
[6, 58]
[52, 3]
[25, 57]
[15, 47]
[15, 49]
[53, 12]
[24, 60]
[42, 0]
[35, 2]
[24, 59]
[20, 60]
[15, 47]
[27, 60]
[41, 0]
[27, 60]
[21, 62]
[10, 43]
[36, 3]
[58, 2]
[52, 0]
[61, 26]
[37, 5]
[48, 3]
[60, 21]
[23, 55]
[51, 15]
[54, 17]
[36, 1]
[19, 58]
[14, 57]
[4, 47]
[17, 58]
[28, 61]
[60, 25]
[61, 22]
[54, -1]
[15, 50]
[59, 11]
[57, 11]
[-1, 49]
[52, 0]
[17, 57]
[30, 62]
[52, 14]
[3, 61]
[55, 3]
[59, 12]
[26, 60]
[26, 58]
[9, 44]
[12, 62]
[35, 2]
[22, 59]
[0, 44]
[6, 39]
[8, 58]
[57, 9]
[59, 7]
[23, 55]
[51, 15]
[62, 13]
[36, 4]
[46, 2]
[61, 27]
[48, 15]
[53, 7]
[10, 59]
[5, 49]
[59, 0]
[25, 62]
[62, 4]
[26, 62]
[3, 43]
[7, 43]
[56, 1]
[19, 54]
[19, 56]
[37, 3]
[20, 52]
[2, 55]
[37, 3]
[3, 46]
[49, 1]
[39, 0]
[5, 47]
[17, 50]
[23, 55]
[14, 59]
[11, 55]
[5, 60]
[58, 1]
[56, 9]
[44, 7]
[52, 1]
[1, 40]
[30, 62]
[31, -1]
[10, 50]
[50, 0]
[10, 59]
[55, 10]
[4, 36]
[31, -1]
[42, 3]
[20, 58]
[59, 3]
[8, 50]
[44, 5]
[49, 12]
[39, 1]
[46, 1]
[43, 6]
[57, 11]
[15, 47]
[18, 61]
[39, 5]
[58, 0]
[51, 3]
[32, 0]
[39, 6]
[9, 54]
[23, 60]
[35, 0]
[61, 0]
[27, 62]
[62, 22]
[59, 14]
[30, 62]
[6, 40]
[31, -1]
[3, 46]
[54, 7]
[55, 8]
[11, 56]
[12, 49]
[16, 58]
[57, 12]
[20, 52]
[14, 60]
[47, 2]
[53, 3]
[2, 41]
[61, 3]
[16, 51]
[48, 8]
[3, 57]
[56, 14]
[47, 3]
[7, 52]
[28, 60]
[28, 60]
[0, 41]
[14, 62]
[5, 43]
[12, 51]
[15, 48]
[4, 46]
[41, 5]
[34, 2]
[41, 1]
[4, 62]
[19, 58]
[50, 5]
[57, 11]
[27, 62]
[5, 60]
[3, 44]
[33, 1]
[30, 62]
[60, 8]
[17, 54]
[40, 5]
[4, 54]
[51, 7]
[-1, 62]
[27, 62]
[57, 20]
[56, 0]
[6, 57]
[53, 11]
[0, 57]
[5, 40]
[36, -1]
[34, 0]
[59, 6]
[48, 15]
[10, 59]
[48, 15]
[24, 56]
[52, 17]
[46, 10]
[23, 57]
[18, 55]
[25, 57]
[15, 53]
[58, 1]
[25, 59]
[48, 4]
[15, 47]
[7, 56]
[1, 43]
[39, 0]
[4, 39]
[6, 51]
[9, 55]
[22, 54]
[58, 14]
[10, 55]
[58, 20]
[10, 55]
[16, 50]
[40, -1]
[58, 15]
[10, 62]
[45, 2]
[12, 51]
[56, -1]
[11, 57]
[54, 15]
[33, -1]
[9, 62]
[49, 11]
[10, 53]
[53, -1]
[62, 19]
[20, 61]
[16, 52]
[31, -1]
[1, 34]
[7, 57]
[18, 60]
[51, 13]
[34, 1]
[39, 3]
[4, 55]
[16, 53]
[52, -1]
[25, 59]
[1, 61]
[15, 57]
[29, 61]
[18, 62]
[20, 55]
[55, 22]
[2, 54]
[3, 60]
[4, 52]
[15, 58]
[5, 59]
[50, 18]
[39, 6]
[5, 58]
[45, 7]
[55, -1]
[31, -1]
[-1, 44]
[0, 37]
[22, 54]
[16, 59]
[56, 2]
[39, 1]
[25, 62]
[55, 19]
[10, 43]
[4, 44]
[7, 62]
[27, 62]
[27, 59]
[11, 48]
[20, 61]
[51, 3]
[41, 5]
[24, 62]
[10, 47]
[36, 1]
[49, 13]
[44, -1]
[25, 62]
[40, 4]
[36, -1]
[48, 9]
[10, 53]
[26, 59]
[24, 60]
[60, 17]
[50, 2]
[60, 28]
[6, 51]
[8, 54]
[29, 62]
[13, 57]
[48, 11]
[9, 59]
[5, 47]
[55, 18]
[49, 5]
[50, 11]
[31, -1]
[36, 4]
[15, 48]
[3, 47]
[59, 13]
[49, 16]
[11, 47]
[23, 57]
[4, 45]
[20, 60]
[61, 0]
[58, 5]
[33, 0]
[15, 61]
[26, 58]
[31, -1]
[32, -1]
[15, 48]
[20, 57]
[37, 2]
[44, 12]
[22, 54]
[49, 15]
[15, 52]
[45, 8]
[15, 60]
[13, 60]
[24, 62]
[11, 58]
[43, 8]
[56, 14]
[-1, 59]
[3, 37]
[59, 15]
[21, 61]
[51, 3]
[31, -1]
[50, 14]
[2, 54]
[3, 42]
[36, 4]
[41, 0]
[47, 7]
[41, 8]
[41, 7]
[27, 59]
[60, 1]
[35, -1]
[15, 48]
[20, 57]
[20, 56]
[51, 11]
[1, 37]
[38, 6]
[19, 52]
[37, 2]
[38, 0]
[13, 46]
[49, 9]
[61, 3]
[49, 1]
[27, 61]
[45, 9]
[57, 1]
[62, 4]
[18, 54]
[46, 6]
[36, 1]
[18, 58]
[37, 4]
[50, 12]
[-1, 58]
[43, 7]
[35, 3]
[54, 0]
[51, 6]
[37, -1]
[58, 3]
[10, 62]
[31, -1]
[56, 22]
[38, 4]
[29, 61]
[9, 41]
[22, 58]
[12, 54]
[50, 16]
[40, 6]
[43, 3]
[50, 5]
[50, 5]
[2, 61]
[8, 56]
[29, 61]
[41, 1]
[52, 12]
[52, 19]
[46, 1]
[55, 14]
[55, 13]
[57, 11]
[58, 11]
[35, 2]
[22, 60]
[43, 8]
[-1, 34]
[46, 13]
[58, 5]
[48, 7]
[48, -1]
[31, -1]
[14, 56]
[48, 13]
[54, 18]
[11, 51]
[60, 4]
[51, 9]
[0, 33]
[38, -1]
[50, 2]
[58, 22]
[24, 60]
[28, 61]
[48, -1]
[46, 9]
[58, 9]
[17, 52]
[28, 62]
[33, 0]
[26, 61]
[17, 50]
[51, 17]
[49, 11]
[19, 62]
[30, 62]
[12, 59]
[10, 43]
[30, 62]
[30, 62]
[34, -1]
[19, 61]
[40, 8]
[12, 51]
[36, -1]
[62, 1]
[62, 26]
[28, 62]
[54, 13]
[50, 6]
[1, 55]
[49, 9]
[32, 0]
[18, 55]
[26, 62]
[45, 5]
[62, 13]
[26, 61]
[1, 60]
[27, 61]
[27, 59]
[12, 46]
[57, 24]
[45, 5]
[2, 52]
[34, -1]
[17, 54]
[1, 43]
[7, 57]
[34, 0]
[49, 4]
[60, 3]
[50, 11]
[34, 0]
[16, 59]
[42, 5]
[24, 58]
[44, 8]
[18, 50]
[2, 62]
[41, 2]
[56, 19]
[-1, 38]
[42, 9]
[16, 56]
[57, 25]
[6, 43]
[22, 58]
[28, 62]
[3, 42]
[9, 53]
[42, 2]
[-1, 44]
[40, 6]
[0, 35]
[13, 45]
[27, 62]
[40, 2]
[59, 5]
[25, 62]
[4, 55]
[15, 49]
[11, 52]
[16, 60]
[56, 12]
[58, 23]
[0, 38]
[31, -1]
[49, 17]
[34, 2]
[11, 49]
[49, 16]
[2, 36]
[10, 59]
[53, 18]
[52, 17]
[13, 45]
[32, -1]
[5, 59]
[50, 9]
[60, 5]
[17, 60]
[48, 7]
[23, 62]
[47, 0]
[23, 59]
[0, 33]
[15, 62]
[25, 61]
[12, 59]
[33, 0]
[24, 56]
[5, 47]
[57, 11]
[40, 2]
[4, 49]
[50, 4]
[59, 10]
[19, 51]
[5, 41]
[0, 40]
[21, 62]
[41, 5]
[60, 25]
[42, 9]
[16, 48]
[4, 41]
[13, 51]
[13, 47]
[19, 58]
[62, 19]
[21, 59]
[48, 7]
[18, 59]
[26, 60]
[28, 62]
[61, 21]
[35, -1]
[32, -1]
[29, 62]
[39, -1]
[45, 11]
[35, 2]
[16, 49]
[25, 57]
[6, 47]
[59, 12]
[6, 49]
[6, 52]
[4, 37]
[9, 53]
[50, 5]
[56, 15]
[46, 13]
[20, 52]
[54, 20]
[39, -1]
[52, 14]
[33, 1]
[43, 10]
[51, 3]
[3, 36]
[32, -1]
[32, 0]
[47, 3]
[47, 3]
[41, -1]
[-1, 38]
[28, 60]
[16, 56]
[47, 13]
[60, 25]
[24, 58]
[26, 62]
[51, 14]
[7, 60]
[52, 10]
[12, 57]
[48, 7]
[12, 51]
[6, 57]
[40, 7]
[18, 51]
[52, 2]
[3, 36]
[9, 41]
[51, 11]
[25, 60]
[2, 36]
[48, 10]
[41, 0]
[21, 55]
[48, 14]
[49, 2]
[34, 2]
[20, 59]
[47, 12]
[59, 15]
[16, 59]
[37, 2]
[7, 46]
[47, 13]
[33, 1]
[42, 6]
[46, 7]
[14, 49]
[42, 3]
[46, 9]
[21, 62]
[55, 21]
[49, 8]
[9, 56]
[40, 1]
[29, 61]
[52, 13]
[18, 53]
[47, 4]
[-1, 58]
[14, 54]
[10, 60]
[16, 59]
[16, 59]
[34, 2]
[30, 62]
[58, 22]
[2, 59]
[40, 3]
[26, 61]
[48, -1]
[14, 46]
[38, 3]
[3, 50]
[61, 7]
[36, 2]
[40, 4]
[9, 49]
[50, 0]
[24, 60]
[25, 57]
[40, 3]
[9, 53]
[27, 62]
[45, 10]
[58, -1]
[29, 61]
[51, 12]
[20, 62]
[24, 59]
[13, 56]
[55, 23]
[55, 8]
[6, 44]
[32, -1]
[62, 20]
[0, 55]
[36, 3]
[51, 0]
[45, 13]
[53, 13]
[43, 2]
[24, 61]
[15, 54]
[45, 12]
[53, 4]
[21, 54]
[22, 55]
[23, 62]
[48, 12]
[35, 1]
[30, 62]
[45, 6]
[29, 62]
[59, 14]
[12, 44]
[55, -1]
[22, 55]
[34, 1]
[25, 62]
[61, 20]
[25, 62]
[49, 8]
[14, 49]
[42, 10]
[55, 4]
[22, 62]
[57, 6]
[38, 6]
[31, -1]
[50, 12]
[52, 0]
[49, 5]
[61, 15]
[32, 0]
[59, 8]
[59, 26]
[56, 4]
[45, 13]
[12, 61]
[55, 12]
[34, -1]
[35, -1]
[17, 60]
[7, 59]
[0, 33]
[41, 7]
[41, 6]
[52, 13]
[61, 14]
[49, 7]
[49, 8]
[-1, 54]
[17, 55]
[60, 24]
[5, 48]
[20, 52]
[3, 61]
[2, 47]
[41, -1]
[0, 50]
[16, 61]
[50, 7]
[49, 10]
[19, 53]
[53, 9]
[22, 62]
[28, 60]
[27, 59]
[26, 60]
[10, 62]
[44, 3]
[58, 18]
[18, 62]
[43, 6]
[49, 3]
[28, 62]
[61, 13]
[29, 62]
[1, 48]
[11, 62]
[61, 11]
[27, 62]
[32, -1]
[22, 62]
[49, 17]
[28, 61]
[30, 62]
[9, 55]
[19, 51]
[32, -1]
[25, 59]
[43, 9]
[35, 1]
[61, 5]
[3, 50]
[52, 16]
[7, 56]
[31, -1]
[40, 2]
[36, 4]
[1, 39]
[60, 22]
[4, 53]
[60, 13]
[38, 4]
[51, 12]
[61, 12]
[42, 2]
[61, 14]
[45, 4]
[34, 1]
[25, 57]
[27, 62]
[14, 52]
[28, 60]
[54, 11]
[62, 21]
[32, 0]
[49, 13]
[58, 22]
[47, 8]
[49, 14]
[61, 12]
[28, 60]
[38, 6]
[5, 59]
[52, 4]
[0, 35]
[17, 53]
[62, 3]
[45, 7]
[33, -1]
[45, 2]
[62, 19]
[46, 4]
[22, 55]
[24, 62]
[28, 61]
[12, 59]
[34, 0]
[48, 4]
[13, 60]
[39, 6]
[25, 60]
[21, 54]
[18, 50]
[5, 56]
[6, 52]
[44, 12]
[53, 13]
[36, 0]
[44, 9]
[59, 19]
[49, 13]
[58, 14]
[24, 56]
[35, 1]
[8, 50]
[50, 5]
[60, 17]
[9, 54]
[16, 61]
[31, -1]
[21, 60]
[14, 50]
[34, 2]
[51, 9]
[19, 51]
[50, 2]
[36, 1]
[10, 52]
[17, 56]
[32, -1]
[17, 58]
[26, 58]
[39, 5]
[-1, 57]
[16, 52]
[51, 16]
[59, 0]
[25, 58]
[35, 1]
[32, 0]
[18, 57]
[62, 6]
[2, 45]
[15, 62]
[10, 52]
[7, 53]
[62, 24]
[62, 28]
[16, 60]
[17, 58]
[44, 9]
[18, 60]
[36, 3]
[46, 7]
[38, -1]
[9, 42]
[46, 9]
[39, 3]
[7, 62]
[19, 60]
[34, -1]
[51, 7]
[60, 16]
[46, -1]
[0, 59]
[13, 48]
[47, 9]
[49, -1]
[34, -1]
[8, 60]
[32, -1]
[31, -1]
[22, 60]
[55, 2]
[39, 7]
[30, 62]
[38, 1]
[7, 54]
[17, 51]
[19, 62]
[38, 6]
[42, 1]
[57, 5]
[16, 58]
[28, 62]
[48, 13]
[46, 12]
[44, 9]
[53, -1]
[18, 50]
[62, 5]
[1, 46]
[59, 15]
[25, 57]
[29, 62]
[23, 57]
[18, 54]
[37, -1]
[47, 14]
[2, 39]
[4, 52]
[5, 45]
[31, -1]
[16, 49]
[61, 25]
[21, 60]
[4, 44]
[4, 53]
[40, 4]
[55, 5]
[16, 60]
[7, 52]
[21, 61]
[3, 50]
[46, 2]
[24, 60]
[13, 50]
[23, 62]
[26, 61]
[38, 3]
[60, 2]
[50, 17]
[14, 51]
[53, 3]
[32, 0]
[41, 1]
[11, 53]
[41, 3]
[33, 1]
[31, -1]
[11, 46]
[42, 1]
[27, 62]
[11, 53]
[37, 1]
[62, 27]
[62, 1]
[19, 52]
[35, -1]
[0, 52]
[58, 8]
[47, 15]
[44, 1]
[7, 47]
[26, 60]
[51, 4]
[3, 46]
[18, 56]
[2, 34]
[60, 25]
[47, 10]
[20, 61]
[26, 58]
[-1, 59]
[56, 15]
[61, 5]
[42, 7]
[21, 54]
[8, 45]
[0, 46]
[15, 51]
[20, 59]
[31, -1]
[4, 37]
[8, 46]
[40, 7]
[34, -1]
[8, 61]
[32, -1]
[26, 58]
[42, 2]
[20, 60]
[62, 18]
[47, 14]
[20, 57]
[36, 1]
[48, 8]
[-1, 61]
[34, -1]
[2, 51]
[44, -1]
[1, 44]
[51, 15]
[51, 16]
[39, 5]
[32, 0]
[14, 50]
[53, 7]
[40, 3]
[47, 15]
[4, 36]
[42, 5]
[22, 61]
[20, 55]
[-1, 46]
[18, 59]
[50, 2]
[45, 0]
[41, 6]
[5, 46]
[10, 60]
[2, 49]
[27, 59]
[54, 5]
[20, 54]
[-1, 36]
[2, 54]
[30, 62]
[11, 55]
[52, 2]
[0, 40]
[21, 61]
[17, 49]
[5, 54]
[7, 47]
[5, 52]
[2, 39]
[55, 20]
[25, 57]
[45, 12]
[55, 12]
[41, 7]
[41, 9]
[30, 62]
[27, 62]
[62, 14]
[2, 43]
[62, 10]
[43, 11]
[10, 42]
[43, 5]
[48, 7]
[57, 5]
[29, 62]
[11, 45]
[5, 44]
[5, 50]
[31, -1]
[24, 58]
[5, 39]
[12, 44]
[52, 17]
[58, 20]
[39, 7]
[16, 57]
[49, 16]
[10, 43]
[15, 54]
[62, 19]
[50, 8]
[5, 46]
[38, 4]
[49, 13]
[19, 52]
[47, 1]
[53, 2]
[21, 59]
[35, 0]
[50, 1]
[40, 8]
[48, 12]
[13, 52]
[12, 44]
[43, 6]
[1, 55]
[54, 21]
[26, 59]
[28, 61]
[49, 6]
[61, 9]
[39, 3]
[22, 61]
[59, -1]
[55, 23]
[19, 54]
[22, 56]
[8, 48]
[1, 48]
[54, -1]
[52, 20]
[12, 50]
[24, 60]
[33, -1]
[34, 1]
[15, 58]
[55, 11]
[17, 55]
[45, 9]
[12, 54]
[52, 7]
[44, 6]
[45, 10]
[12, 48]
[42, 5]
[19, 62]
[43, 11]
[28, 62]
[14, 62]
[58, 10]
[24, 58]
[11, 52]
[12, 51]
[14, 54]
[2, 46]
[58, 9]
[61, 8]
[22, 59]
[4, 54]
[51, 15]
[57, 19]
[49, 16]
[57, 19]
[60, 21]
[15, 58]
[32, -1]
[3, 37]
[24, 60]
[61, 11]
[9, 55]
[6, 45]
[55, 16]
[26, 61]
[0, 33]
[52, 18]
[26, 61]
[32, 0]
[11, 46]
[24, 61]
[34, -1]
[1, 33]
[57, 6]
[48, 6]
[17, 58]
[56, -1]
[57, 8]
[23, 59]
[28, 60]
[8, 44]
[29, 61]
[34, -1]
[24, 57]
[19, 51]
[55, 0]
[1, 48]
[51, 4]
[22, 57]
[26, 61]
[5, 39]
[20, 54]
[27, 62]
[53, 20]
[62, 25]
[21, 57]
[8, 49]
[35, 3]
[41, 4]
[22, 56]
[56, 19]
[33, 1]
[14, 54]
[7, 61]
[27, 59]
[42, 9]
[33, -1]
[33, 0]
[58, 14]
[53, 4]
[43, -1]
[12, 45]
[10, 43]
[39, 5]
[1, 62]
[36, 3]
[39, 0]
[58, -1]
[5, 54]
[12, 50]
[19, 57]
[62, 14]
[12, 59]
[36, 3]
[59, 6]
[61, 29]
[31, -1]
[2, 54]
[28, 61]
[27, 61]
[62, 13]
[12, 48]
[18, 57]
[21, 61]
[25, 62]
[-1, 32]
[3, 51]
[-1, 39]
[7, 54]
[54, 5]
[49, 4]
[31, -1]
[48, 10]
[50, 13]
[1, 34]
[18, 57]
[34, 1]
[39, 6]
[28, 62]
[18, 60]
[58, 22]
[24, 62]
[1, 39]
[0, 50]
[57, 15]
[50, 11]
[51, 13]
[0, 42]
[43, 9]
[61, 20]
[8, 59]
[50, 12]
[13, 45]
[1, 41]
[62, 9]
[41, 2]
[22, 54]
[2, 46]
[18, 59]
[16, 51]
[60, 18]
[58, 17]
[1, 41]
[9, 60]
[43, 8]
[19, 58]
[45, 3]
[27, 61]
[38, 2]
[4, 54]
[60, 9]
[-1, 61]
[26, 60]
[15, 60]
[32, 0]
[14, 50]
[29, 62]
[49, 14]
[48, 7]
[16, 51]
[19, 61]
[15, 58]
[1, 54]
[45, 12]
[41, -1]
[12, 53]
[26, 59]
[53, 9]
[24, 59]
[26, 61]
[7, 39]
[53, 17]
[23, 60]
[54, 15]
[15, 62]
[44, 1]
[17, 59]
[45, 9]
[39, 5]
[27, 59]
[14, 57]
[29, 61]
[12, 54]
[13, 53]
[61, 16]
[2, 59]
[56, 22]
[50, 9]
[50, 11]
[46, 7]
[6, 38]
[38, 2]
[33, 0]
[41, 7]
[22, 56]
[3, 35]
[51, 3]
[25, 59]
[11, 48]
[11, 50]
[15, 53]
[44, -1]
[40, 0]
[29, 62]
[0, 53]
[19, 55]
[30, 62]
[25, 59]
[43, 11]
[14, 61]
[51, 2]
[-1, 48]
[28, 60]
[6, 62]
[37, 5]
[10, 49]
[57, 2]
[31, -1]
[39, -1]
[40, 7]
[-1, 49]
[4, 39]
[1, 39]
[19, 59]
[6, 59]
[31, -1]
[20, 57]
[61, 9]
[31, -1]
[13, 57]
[12, 47]
[29, 62]
[55, 23]
[35, 3]
[36, 1]
[31, -1]
[2, 56]
[1, 61]
[59, 5]
[51, 4]
[22, 59]
[31, -1]
[14, 55]
[33, -1]
[59, 24]
[0, 55]
[51, 6]
[50, 7]
[26, 60]
[54, 2]
[28, 61]
[60, -1]
[62, 5]
[33, 1]
[2, 39]
[50, 0]
[23, 56]
[-1, 34]
[14, 55]
[15, 54]
[54, 5]
[41, 2]
[57, 2]
[49, 12]
[33, -1]
[5, 43]
[59, 10]
[45, 8]
[13, 53]
[12, 50]
[45, 7]
[62, 17]
[5, 43]
[25, 61]
[28, 62]
[11, 59]
[55, 16]
[49, 5]
[49, 5]
[37, 5]
[46, 8]
[50, 18]
[53, 7]
[4, 49]
[26, 58]
[9, 58]
[5, 58]
[1, 57]
[62, 27]
[54, 2]
[53, 16]
[6, 41]
[34, 2]
[56, 3]
[20, 54]
[25, 58]
[4, 44]
[58, 18]
[21, 57]
[7, 41]
[20, 52]
[49, 8]
[61, 17]
[18, 60]
[47, 8]
[6, 59]
[1, 44]
[59, -1]
[47, 11]
[32, -1]
[1, 55]
[27, 61]
[32, 0]
[48, 16]
[58, 5]
[27, 62]
[14, 62]
[22, 54]
[16, 62]
[58, 14]
[16, 50]
[38, -1]
[56, 22]
[39, 0]
[19, 54]
[7, 54]
[18, 50]
[12, 53]
[42, 2]
[13, 57]
[6, 48]
[21, 62]
[58, 5]
[38, 5]
[25, 60]
[13, 62]
[58, 9]
[60, 10]
[50, 9]
[50, 18]
[20, 62]
[39, 2]
[33, 1]
[27, 59]
[9, 59]
[52, 15]
[16, 56]
[28, 61]
[3, 38]
[54, 9]
[56, 18]
[54, 13]
[56, -1]
[62, 3]
[20, 54]
[24, 57]
[10, 53]
[44, 12]
[2, 57]
[11, 55]
[10, 42]
[21, 54]
[13, 55]
[34, 2]
[37, -1]
[30, 62]
[59, 5]
[31, -1]
[28, 62]
[25, 57]
[0, 36]
[36, 4]
[46, 3]
[60, 5]
[6, 38]
[30, 62]
[-1, 35]
[0, 48]
[60, 1]
[16, 59]
[8, 49]
[35, 2]
[52, 16]
[36, 3]
[16, 62]
[62, 16]
[57, 20]
[35, -1]
[-1, 38]
[11, 48]
[36, 3]
[26, 59]
[42, 3]
[12, 54]
[49, 16]
[3, 37]
[36, 0]
[60, 10]
[15, 57]
[7, 47]
[45, 2]
[62, 25]
[1, 59]
[19, 61]
[4, 47]
[58, 17]
[16, 60]
[2, 40]
[18, 54]
[43, 2]
[7, 42]
[31, -1]
[32, -1]
[34, -1]
[29, 61]
[46, 11]
[49, 4]
[46, 9]
[50, 4]
[22, 56]
[42, 2]
[11, 62]
[62, 1]
[5, 45]
[54, 6]
[58, 22]
[62, 18]
[47, -1]
[1, 34]
[59, 11]
[59, 26]
[52, 19]
[38, 4]
[54, 22]
[5, 44]
[47, -1]
[29, 61]
[49, 0]
[32, -1]
[8, 46]
[15, 55]
[28, 62]
[56, 12]
[48, 14]
[47, 10]
[48, 16]
[54, 18]
[57, 15]
[31, -1]
[25, 58]
[31, -1]
[22, 59]
[49, 6]
[62, 29]
[52, 3]
[13, 56]
[-1, 57]
[29, 61]
[42, 5]
[51, 4]
[20, 59]
[8, 62]
[37, 4]
[8, 46]
[30, 62]
[23, 59]
[30, 62]
[41, 7]
[2, 55]
[9, 56]
[7, 51]
[5, 47]
[32, 0]
[38, 6]
[22, 61]
[3, 43]
[59, 9]
[62, 14]
[7, 51]
[60, 9]
[52, 11]
[35, 1]
[42, 7]
[42, 6]
[42, 4]
[29, 62]
[1, 53]
[2, 45]
[59, 7]
[62, 4]
[5, 54]
[62, 7]
[11, 43]
[57, 25]
[47, 14]
[46, 2]
[22, 56]
[3, 61]
[26, 61]
[45, 10]
[-1, 54]
[51, 13]
[58, 18]
[14, 46]
[5, 40]
[15, 56]
[56, 0]
[30, 62]
[49, -1]
[35, 1]
[43, 3]
[25, 57]
[33, -1]
[49, 8]
[50, 14]
[55, 17]
[7, 39]
[36, 1]
[8, 61]
[23, 60]
[34, 0]
[42, 3]
[38, 2]
[55, 23]
[9, 48]
[16, 55]
[19, 60]
[49, 11]
[39, 7]
[9, 59]
[50, 8]
[15, 54]
[2, 54]
[19, 55]
[1, 48]
[24, 57]
[51, 2]
[57, 15]
[41, 6]
[3, 47]
[33, -1]
[51, 18]
[40, 6]
[62, 19]
[55, 10]
[31, -1]
[62, 3]
[55, 16]
[6, 55]
[58, 24]
[62, 17]
[57, 24]
[15, 51]
[17, 51]
[36, -1]
[42, -1]
[36, -1]
[53, 10]
[38, -1]
[4, 60]
[19, 55]
[6, 43]
[52, 20]
[29, 61]
[55, 10]
[50, 12]
[14, 50]
[17, 58]
[57, 17]
[4, 41]
[55, 2]
[39, 7]
[53, 12]
[19, 54]
[55, 12]
[50, 2]
[25, 62]
[39, 7]
[46, 3]
[5, 58]
[52, 19]
[41, 9]
[36, 2]
[8, 57]
[6, 40]
[38, 2]
[-1, 52]
[37, 1]
[50, 8]
[1, 43]
[11, 60]
[3, 39]
[24, 57]
[53, -1]
[56, 24]
[24, 57]
[59, 22]
[6, 58]
[57, 11]
[11, 53]
[34, 0]
[45, 4]
[48, 5]
[1, 46]
[31, -1]
[11, 62]
[53, 15]
[47, 1]
[42, 1]
[35, -1]
[16, 55]
[26, 58]
[23, 56]
[30, 62]
[33, 1]
[24, 62]
[34, 1]
[55, 7]
[58, 1]
[31, -1]
[19, 52]
[48, 14]
[1, 45]
[-1, 46]
[46, 11]
[57, -1]
[21, 53]
[56, 7]
[21, 61]
[20, 59]
[40, 7]
[23, 56]
[22, 60]
[62, 8]
[2, 56]
[14, 58]
[25, 59]
[62, 20]
[62, 16]
[30, 62]
[50, 13]
[40, 0]
[62, 0]
[37, 2]
[21, 54]
[39, 2]
[26, 59]
[26, 60]
[2, 39]
[56, 16]
[33, 0]
[21, 60]
[14, 51]
[30, 62]
[5, 50]
[35, -1]
[59, 10]
[22, 61]
[2, 59]
[58, 21]
[9, 46]
[41, -1]
[24, 61]
[38, 6]
[19, 56]
[2, 60]
[14, 52]
[6, 41]
[7, 55]
[19, 57]
[49, 14]
[49, 0]
[48, 0]
[46, 9]
[11, 58]
[8, 62]
[43, 9]
[43, 3]
[48, 11]
[34, 1]
[46, 0]
[60, 27]
[12, 59]
[49, 8]
[30, 62]
[58, 9]
[38, 3]
[-1, 35]
[33, 0]
[-1, 45]
[48, 10]
[19, 62]
[15, 54]
[24, 56]
[58, 19]
[23, 61]
[53, 5]
[58, 4]
[57, 13]
[54, 5]
[55, 4]
[22, 60]
[19, 53]
[2, 36]
[33, 1]
[16, 61]
[19, 53]
[0, 44]
[51, 15]
[3, 57]
[27, 59]
[59, 26]
[28, 61]
[53, 13]
[58, 23]
[9, 53]
[1, 46]
[35, 0]
[47, 4]
[20, 61]
[31, -1]
[27, 62]
[54, 19]
[4, 54]
[61, 27]
[36, 2]
[4, 44]
[10, 43]
[41, 6]
[42, 9]
[33, 1]
[35, 2]
[58, 17]
[5, 57]
[3, 51]
[10, 45]
[47, 5]
[43, 9]
[33, 0]
[61, 20]
[36, -1]
[39, 7]
[-1, 58]
[18, 62]
[12, 55]
[31, -1]
[24, 56]
[62, 30]
[11, 54]
[10, 55]
[35, 1]
[4, 55]
[13, 53]
[14, 56]
[11, 61]
[9, 52]
[56, 8]
[25, 61]
[12, 50]
[46, 6]
[56, 22]
[52, 9]
[7, 54]
[46, 12]
[0, 45]
[24, 59]
[24, 56]
[39, 5]
[9, 50]
[50, 6]
[59, 15]
[14, 55]
[57, 19]
[16, 60]
[16, 49]
[46, 0]
[27, 59]
[34, -1]
[0, 47]
[60, 7]
[16, 57]
[38, 6]
[61, 17]
[9, 60]
[13, 55]
[51, 3]
[52, 15]
[36, 1]
[54, 4]
[29, 61]
[1, 41]
[22, 55]
[12, 44]
[18, 57]
[34, 2]
[43, 10]
[5, 50]
[0, 47]
[27, 62]
[8, 56]
[27, 59]
[31, -1]
[12, 49]
[13, 61]
[36, 0]
[43, -1]
[20, 61]
[43, 10]
[18, 58]
[8, 47]
[57, 23]
[0, 56]
[3, 55]
[51, 6]
[27, 60]
[36, 3]
[58, 11]
[28, 62]
[34, -1]
[30, 62]
[62, 25]
[51, 3]
[7, 48]
[6, 58]
[58, 2]
[61, 5]
[48, 16]
[30, 62]
[11, 50]
[5, 37]
[3, 35]
[21, 59]
[2, 59]
[61, 6]
[37, 4]
[37, 3]
[61, 24]
[24, 58]
[56, 24]
[61, 22]
[24, 61]
[40, 7]
[51, 5]
[40, 0]
[9, 43]
[59, 1]
[47, 11]
[22, 59]
[44, 6]
[1, 48]
[12, 55]
[54, 7]
[46, 6]
[26, 59]
[61, 18]
[23, 56]
[30, 62]
[34, -1]
[31, -1]
[28, 60]
[31, -1]
[50, 12]
[51, 4]
[7, 60]
[16, 53]
[44, 1]
[6, 57]
[8, 46]
[6, 43]
[31, -1]
[41, 2]
[36, 4]
[36, 4]
[49, -1]
[51, 10]
[30, 62]
[35, 1]
[51, 14]
[51, 9]
[59, 23]
[18, 61]
[15, 61]
[36, 4]
[57, 2]
[50, 14]
[37, -1]
[37, 3]
[44, 8]
[6, 38]
[8, 53]
[18, 51]
[23, 59]
[46, 8]
[12, 48]
[23, 55]
[58, -1]
[60, 7]
[30, 62]
[26, 58]
[40, 5]
[2, 49]
[54, 14]
[33, -1]
[3, 60]
[55, 13]
[10, 62]
[25, 58]
[21, 61]
[62, 19]
[4, 44]
[47, -1]
[15, 58]
[4, 39]
[31, -1]
[4, 48]
[1, 60]
[41, 1]
[37, 3]
[20, 60]
[42, -1]
[41, 3]
[36, 4]
[53, 12]
[4, 58]
[11, 49]
[45, 5]
[33, -1]
[28, 61]
[2, 36]
[33, 1]
[23, 56]
[20, 57]
[25, 62]
[30, 62]
[57, 18]
[35, 3]
[51, 12]
[3, 43]
[61, 3]
[14, 55]
[37, -1]
[39, 1]
[27, 59]
[58, 18]
[34, 2]
[60, 18]
[4, 58]
[4, 48]
[31, -1]
[57, 17]
[41, 0]
[22, 62]
[43, 1]
[20, 53]
[54, 2]
[3, 51]
[61, 11]
[48, 1]
[7, 48]
[41, 7]
[51, 14]
[37, 5]
[26, 62]
[26, 58]
[56, 15]
[54, 12]
[44, 8]
[20, 54]
[0, 35]
[41, 1]
[59, 12]
[39, 7]
[62, 22]
[48, -1]
[44, 2]
[43, 8]
[17, 50]
[53, 8]
[26, 61]
[15, 62]
[43, 0]
[15, 58]
[28, 61]
[8, 42]
[13, 48]
[9, 52]
[62, 1]
[62, 3]
[1, 44]
[58, 15]
[53, 3]
[-1, 45]
[54, 7]
[48, 12]
[53, 12]
[59, 12]
[47, -1]
[21, 55]
[8, 53]
[0, 60]
[1, 45]
[60, 21]
[15, 51]
[5, 50]
[20, 54]
[11, 53]
[6, 46]
[6, 41]
[42, -1]
[43, 0]
[20, 55]
[16, 58]
[56, 3]
[58, 20]
[57, 19]
[24, 61]
[25, 62]
[51, 6]
[13, 51]
[58, -1]
[38, 5]
[56, 3]
[30, 62]
[56, 5]
[23, 61]
[56, 8]
[35, 2]
[58, 14]
[40, -1]
[52, 15]
[31, -1]
[7, 59]
[56, 19]
[45, 5]
[5, 50]
[39, 0]
[57, 12]
[61, 9]
[7, 57]
[4, 59]
[-1, 37]
[52, 8]
[15, 48]
[38, 2]
[0, 52]
[2, 51]
[9, 53]
[7, 59]
[37, -1]
[62, 0]
[49, 17]
[17, 54]
[54, -1]
[6, 48]
[37, 0]
[20, 54]
[57, 14]
[25, 60]
[17, 53]
[6, 62]
[58, 19]
[46, 3]
[61, 25]
[43, 8]
[56, 19]
[42, 4]
[54, 7]
[29, 62]
[52, -1]
[61, 22]
[24, 58]
[25, 59]
[4, 37]
[34, 1]
[53, 15]
[11, 55]
[21, 57]
[2, 57]
[35, 1]
[24, 58]
[32, -1]
[15, 53]
[41, 4]
[35, 1]
[55, 14]
[12, 46]
[50, 12]
[62, 2]
[57, 24]
[9, 55]
[31, -1]
[21, 55]
[28, 60]
[36, 0]
[28, 62]
[42, -1]
[1, 59]
[2, 34]
[40, 0]
[14, 60]
[11, 48]
[1, 56]
[44, 8]
[15, 51]
[23, 55]
[50, 2]
[26, 61]
[54, 3]
[0, 42]
[51, 6]
[24, 62]
[17, 62]
[59, 1]
[22, 57]
[48, 11]
[38, 0]
[15, 60]
[32, -1]
[49, 5]
[7, 57]
[36, 0]
[36, 3]
[38, 4]
[33, 1]
[24, 58]
[3, 38]
[60, 11]
[20, 62]
[49, 14]
[50, 0]
[61, 21]
[24, 58]
[29, 62]
[31, -1]
[60, 5]
[34, 2]
[29, 62]
[45, 13]
[36, 2]
[12, 57]
[19, 56]
[18, 52]
[9, 56]
[7, 44]
[14, 48]
[14, 61]
[10, 62]
[29, 61]
[21, 56]
[49, 13]
[44, 6]
[33, 1]
[60, 27]
[16, 52]
[23, 55]
[8, 55]
[28, 60]
[59, 17]
[55, 8]
[37, 2]
[27, 61]
[48, 8]
[21, 54]
[5, 39]
[35, 3]
[7, 56]
[42, 7]
[59, 23]
[40, 6]
[23, 61]
[39, 7]
[24, 58]
[39, 5]
[26, 60]
[38, 1]
[5, 55]
[29, 62]
[29, 62]
[40, 8]
[4, 42]
[60, 12]
[15, 49]
[53, 3]
[10, 51]
[50, -1]
[54, -1]
[58, 20]
[51, 13]
[29, 62]
[58, 22]
[47, 4]
[37, 2]
[53, -1]
[3, 53]
[6, 52]
[24, 59]
[36, 3]
[0, 62]
[49, 7]
[19, 62]
[0, 52]
[44, 1]
[30, 62]
[26, 61]
[18, 60]
[57, 7]
[1, 50]
[33, 1]
[32, 0]
[54, 11]
[34, -1]
[42, 9]
[9, 53]
[58, 17]
[3, 58]
[13, 45]
[56, 13]
[46, 12]
[43, 3]
[0, 35]
[7, 53]
[42, 8]
[51, 13]
[27, 59]
[15, 50]
[27, 61]
[33, 0]
[51, 8]
[1, 42]
[8, 57]
[27, 61]
[27, 60]
[39, 3]
[40, -1]
[42, 10]
[5, 47]
[28, 60]
[39, 7]
[50, 9]
[30, 62]
[6, 61]
[31, -1]
[12, 57]
[52, -1]
[31, -1]
[35, -1]
[46, 14]
[11, 53]
[50, 4]
[20, 52]
[57, 7]
[60, 19]
[33, 0]
[36, 3]
[30, 62]
[51, 12]
[19, 60]
[56, -1]
[24, 61]
[26, 59]
[15, 57]
[30, 62]
[62, 0]
[9, 59]
[27, 62]
[48, 8]
[37, 5]
[11, 56]
[20, 56]
[56, -1]
[49, 3]
[0, 62]
[40, 5]
[42, 8]
[19, 53]
[16, 58]
[26, 61]
[29, 62]
[36, 0]
[41, 8]
[14, 60]
[60, 21]
[6, 62]
[12, 59]
[45, 9]
[28, 62]
[38, 5]
[15, 52]
[61, 15]
[9, 43]
[53, 1]
[14, 61]
[32, -1]
[37, 1]
[7, 58]
[44, 9]
[24, 62]
[2, 53]
[46, 6]
[59, 24]
[48, 0]
[36, 1]
[17, 58]
[49, 9]
[27, 60]
[57, 16]
[28, 61]
[53, 14]
[54, 7]
[29, 62]
[42, 5]
[4, 54]
[61, 4]
[33, 1]
[15, 53]
[22, 57]
[11, 53]
[2, 54]
[34, 1]
[61, 15]
[32, -1]
[28, 62]
[19, 51]
[36, 4]
[59, 15]
[44, 12]
[22, 58]
[33, 0]
[24, 59]
[55, 12]
[36, 0]
[62, 8]
[59, 20]
[8, 41]
[2, 35]
[15, 47]
[40, 0]
[34, 2]
[22, 60]
[58, 26]
[15, 56]
[43, 3]
[27, 60]
[45, 1]
[7, 50]
[25, 60]
[56, 8]
[57, 14]
[5, 62]
[35, -1]
[10, 50]
[52, -1]
[13, 45]
[5, 47]
[54, 7]
[15, 49]
[56, 0]
[4, 48]
[28, 61]
[41, 6]
[36, 3]
[25, 58]
[8, 58]
[40, 1]
[43, 2]
[11, 58]
[48, 16]
[30, 62]
[38, 2]
[1, 33]
[46, 2]
[21, 56]
[43, 7]
[6, 41]
[42, 0]
[21, 53]
[7, 41]
[44, 9]
[46, 8]
[1, 41]
[15, 55]
[27, 62]
[44, 6]
[50, 0]
[3, 54]
[44, 12]
[19, 56]
[4, 51]
[1, 48]
[55, 12]
[13, 58]
[52, 0]
[12, 45]
[8, 50]
[58, 13]
[49, 1]
[8, 41]
[0, 61]
[37, 5]
[18, 62]
[53, 6]
[62, 30]
[60, 4]
[3, 50]
[46, 11]
[30, 62]
[44, 12]
[23, 55]
[59, 13]
[31, -1]
[51, 6]
[57, 13]
[35, 2]
[35, -1]
[61, 10]
[40, 2]
[36, 3]
[28, 60]
[52, 7]
[31, -1]
[23, 58]
[33, 1]
[34, 1]
[17, 56]
[58, 25]
[62, 18]
[16, 55]
[47, 6]
[33, 1]
[33, 0]
[48, 1]
[9, 55]
[62, 0]
[9, 58]
[49, 2]
[47, 11]
[25, 59]
[58, 21]
[7, 45]
[41, 4]
[23, 57]
[50, 6]
[10, 48]
[54, 1]
[33, 0]
[58, 13]
[8, 62]
[8, 59]
[42, 1]
[20, 60]
[42, 9]
[12, 44]
[15, 48]
[15, 53]
[47, 6]
[59, 4]
[5, 45]
[47, 8]
[32, 0]
[57, 9]
[24, 61]
[17, 59]
[59, 24]
[20, 59]
[17, 58]
[4, 46]
[49, 17]
[11, 55]
[51, 16]
[45, 10]
[59, 17]
[62, 17]
[29, 61]
[55, 6]
[58, 20]
[49, 2]
[49, 5]
[61, 27]
[44, 3]
[45, 8]
[23, 59]
[40, 0]
[34, -1]
[28, 61]
[25, 59]
[12, 54]
[10, 47]
[40, 7]
[41, 2]
[52, 14]
[18, 61]
[11, 48]
[1, 59]
[18, 52]
[9, 50]
[47, 2]
[38, 5]
[38, 6]
[54, 7]
[7, 46]
[30, 62]
[61, 0]
[54, 4]
[19, 61]
[60, 1]
[29, 61]
[16, 58]
[54, 6]
[5, 58]
[46, 8]
[33, -1]
[5, 54]
[2, 61]
[7, 44]
[52, 10]
[28, 62]
[1, 52]
[27, 62]
[14, 51]
[23, 55]
[26, 59]
[5, 58]
[7, 40]
[57, 17]
[50, 4]
[60, 18]
[29, 61]
[-1, 58]
[24, 59]
[6, 42]
[5, 51]
[45, 13]
[29, 62]
[26, 61]
[48, 12]
[10, 61]
[14, 62]
[40, 5]
[47, 8]
[46, 4]
[0, 52]
[13, 46]
[20, 55]
[5, 55]
[20, 60]
[28, 60]
[52, -1]
[49, 3]
[22, 57]
[54, 0]
[33, 1]
[50, 10]
[42, 6]
[28, 60]
[18, 56]
[14, 57]
[22, 59]
[58, 8]
[43, 7]
[59, 26]
[53, 9]
[1, 54]
[7, 60]
[46, 7]
[18, 58]
[47, 8]
[21, 57]
[8, 53]
[9, 41]
[16, 61]
[22, 55]
[16, 49]
[40, 1]
[14, 52]
[10, 50]
[42, 6]
[9, 61]
[-1, 33]
[7, 58]
[10, 49]
[59, 2]
[53, 16]
[34, 2]
[41, -1]
[31, -1]
[40, 1]
[11, 62]
[15, 59]
[52, 2]
[14, 61]
[32, 0]
[61, 4]
[53, 7]
[13, 58]
[13, 55]
[60, 15]
[57, 8]
[30, 62]
[18, 61]
[47, 11]
[59, 16]
[7, 44]
[8, 41]
[42, 2]
[17, 49]
[26, 60]
[51, 19]
[42, 8]
[57, 21]
[15, 57]
[27, 59]
[41, 3]
[9, 54]
[56, 15]
[24, 61]
[50, 15]
[41, 6]
[25, 58]
[56, 7]
[44, 10]
[57, 13]
[20, 62]
[54, 22]
[55, 1]
[16, 54]
[25, 59]
[-1, 42]
[8, 50]
[8, 44]
[29, 61]
[60, 23]
[5, 41]
[61, 8]
[51, 1]
[27, 62]
[48, 4]
[2, 60]
[46, 0]
[20, 59]
[11, 45]
[48, 16]
[30, 62]
[48, 0]
[12, 48]
[48, 15]
[9, 61]
[10, 45]
[39, 6]
[13, 46]
[13, 52]
[8, 61]
[58, 24]
[41, 3]
[17, 55]
[51, 17]
[50, 10]
[26, 59]
[0, 45]
[17, 52]
[22, 60]
[34, 2]
[61, 11]
[19, 54]
[40, 3]
[5, 49]
[41, -1]
[37, 2]
[61, 16]
[49, 13]
[46, 14]
[57, 8]
[21, 61]
[13, 54]
[4, 54]
[28, 60]
[51, 17]
[38, 2]
[19, 52]
[53, 7]
[48, -1]
[1, 49]
[5, 44]
[41, 6]
[41, 8]
[6, 49]
[42, 1]
[27, 60]
[45, 6]
[41, 6]
[1, 45]
[19, 52]
[21, 59]
[60, 23]
[25, 59]
[1, 43]
[30, 62]
[54, 8]
[-1, 42]
[60, 7]
[35, 0]
[28, 62]
[11, 43]
[60, 8]
[56, 7]
[44, 3]
[33, -1]
[4, 57]
[62, 27]
[6, 47]
[26, 61]
[43, 6]
[42, 6]
[22, 60]
[60, 13]
[16, 56]
[55, 22]
[2, 61]
[34, 0]
[57, 2]
[51, 6]
[43, 11]
[54, 6]
[36, -1]
[6, 42]
[58, 19]
[11, 49]
[1, 62]
[-1, 48]
[49, 2]
[13, 61]
[25, 62]
[23, 57]
[53, 12]
[44, 4]
[7, 58]
[24, 59]
[38, -1]
[48, 8]
[34, 1]
[23, 56]
[28, 60]
[25, 58]
[43, 8]
[16, 49]
[1, 37]
[42, 5]
[48, 4]
[51, 16]
[7, 55]
[20, 56]
[16, 58]
[8, 51]
[8, 53]
[17, 56]
[60, 11]
[51, 4]
[40, -1]
[12, 51]
[55, 3]
[2, 45]
[14, 55]
[11, 53]
[11, 49]
[47, 14]
[18, 51]
[13, 51]
[4, 51]
[34, -1]
[32, -1]
[16, 61]
[51, 15]
[13, 60]
[27, 61]
[40, 1]
[60, 9]
[49, 10]
[38, 4]
[12, 52]
[-1, 43]
[9, 45]
[54, 4]
[56, 13]
[33, 1]
[26, 62]
[14, 55]
[57, 0]
[23, 56]
[50, 15]
[53, 7]
[42, 2]
[25, 61]
[40, 4]
[34, -1]
[56, 16]
[60, -1]
[48, 6]
[21, 57]
[42, 4]
[-1, 50]
[0, 60]
[3, 56]
[1, 59]
[15, 54]
[29, 62]
[4, 48]
[22, 54]
[50, 14]
[5, 62]
[17, 49]
[-1, 59]
[23, 55]
[51, 6]
[10, 48]
[31, -1]
[46, 13]
[1, 48]
[26, 59]
[49, 4]
[51, 12]
[24, 61]
[9, 54]
[16, 57]
[35, 1]
[31, -1]
[28, 62]
[25, 62]
[53, 20]
[17, 58]
[44, 2]
[41, 5]
[59, 8]
[24, 57]
[40, 4]
[51, 15]
[20, 57]
[11, 48]
[27, 60]
[52, 16]
[38, 5]
[59, 8]
[42, 2]
[15, 48]
[38, 2]
[58, 22]
[18, 50]
[25, 62]
[46, 1]
[25, 61]
[25, 58]
[28, 62]
[32, -1]
[36, 4]
[29, 62]
[50, 18]
[62, -1]
[9, 62]
[24, 58]
[61, 11]
[17, 55]
[62, 8]
[11, 60]
[17, 58]
[27, 59]
[9, 45]
[56, 1]
[38, 6]
[3, 48]
[0, 54]
[38, 1]
[33, -1]
[47, 7]
[33, 1]
[19, 61]
[9, 61]
[60, 7]
[26, 59]
[36, 1]
[-1, 48]
[46, 7]
[25, 58]
[40, 4]
[4, 56]
[37, 2]
[18, 56]
[32, 0]
[17, 62]
[36, 4]
[34, 2]
[1, 33]
[17, 51]
[49, -1]
[57, 9]
[9, 61]
[8, 56]
[56, 23]
[1, 51]
[19, 54]
[4, 42]
[17, 55]
[40, 8]
[51, 9]
[20, 56]
[8, 56]
[47, 1]
[43, 9]
[55, -1]
[55, 5]
[49, 15]
[58, 8]
[34, 2]
[25, 62]
[10, 42]
[35, 1]
[11, 50]
[16, 50]
[20, 55]
[25, 58]
[58, 4]
[58, 18]
[48, 7]
[17, 62]
[52, 2]
[8, 42]
[39, -1]
[41, 0]
[53, 21]
[23, 57]
[13, 58]
[15, 59]
[62, 16]
[34, -1]
[-1, 48]
[48, 9]
[37, 4]
[18, 60]
[36, 3]
[16, 59]
[62, 0]
[44, 11]
[61, 9]
[10, 57]
[15, 58]
[17, 59]
[48, 14]
[33, 0]
[61, -1]
[2, 36]
[14, 56]
[19, 62]
[15, 48]
[44, 7]
[28, 60]
[9, 44]
[5, 41]
[5, 52]
[46, -1]
[10, 52]
[42, 2]
[11, 60]
[53, 6]
[58, 18]
[42, 10]
[17, 52]
[25, 61]
[18, 57]
[53, 20]
[37, 3]
[57, 24]
[57, 7]
[51, 0]
[37, 0]
[53, 1]
[62, 1]
[35, 2]
[51, 16]
[2, 55]
[32, 0]
[23, 57]
[47, 8]
[39, 3]
[44, 7]
[24, 57]
[55, -1]
[24, 58]
[6, 61]
[54, 3]
[21, 59]
[33, 0]
[34, 0]
[38, 6]
[41, 3]
[1, 61]
[39, -1]
[42, 6]
[37, -1]
[5, 51]
[29, 61]
[61, 10]
[13, 62]
[9, 45]
[51, 4]
[51, 19]
[55, 8]
[45, 5]
[48, 2]
[44, 7]
[9, 42]
[29, 61]
[52, 2]
[49, 8]
[14, 55]
[11, 46]
[12, 47]
[3, 62]
[62, 1]
[5, 52]
[7, 46]
[52, 4]
[45, 11]
[43, 3]
[28, 60]
[28, 60]
[3, 36]
[15, 48]
[43, 3]
[29, 62]
[24, 58]
[8, 62]
[29, 62]
[24, 60]
[60, 24]
[41, 4]
[43, 2]
[37, 3]
[2, 38]
[27, 60]
[21, 60]
[13, 57]
[13, 46]
[52, -1]
[32, 0]
[19, 57]
[54, 4]
[-1, 52]
[21, 58]
[30, 62]
[62, 19]
[0, 36]
[6, 62]
[6, 45]
[15, 56]
[7, 44]
[30, 62]
[12, 56]
[19, 55]
[56, 21]
[5, 44]
[55, 17]
[9, 60]
[47, 10]
[57, 13]
[12, 52]
[39, 4]
[22, 59]
[45, 0]
[30, 62]
[12, 59]
[-1, 38]
[47, 3]
[8, 42]
[21, 56]
[24, 62]
[38, 6]
[25, 58]
[12, 44]
[2, 46]
[31, -1]
[1, 36]
[11, 62]
[23, 59]
[20, 58]
[19, 55]
[31, -1]
[45, 13]
[32, -1]
[40, 3]
[36, 4]
[27, 61]
[7, 45]
[26, 59]
[46, 0]
[60, 5]
[35, 0]
[23, 61]
[53, 1]
[10, 57]
[36, 3]
[0, 46]
[0, 33]
[48, 1]
[15, 53]
[48, 9]
[36, 4]
[23, 59]
[59, 24]
[33, 0]
[1, 54]
[23, 57]
[49, 13]
[7, 41]
[25, 60]
[57, 13]
[37, 5]
[22, 58]
[53, 4]
[53, 8]
[24, 62]
[60, 25]
[60, 16]
[1, 45]
[29, 62]
[15, 50]
[38, -1]
[8, 48]
[42, 2]
[14, 59]
[47, 13]
[0, 49]
[15, 49]
[33, 1]
[42, 3]
[61, 20]
[21, 53]
[62, 15]
[50, 13]
[15, 53]
[46, 0]
[43, 1]
[45, 5]
[60, 19]
[9, 43]
[59, 20]
[14, 46]
[48, 15]
[62, 9]
[6, 39]
[47, 11]
[6, 40]
[14, 47]
[18, 59]
[32, 0]
[12, 45]
[50, 12]
[25, 60]
[27, 59]
[22, 62]
[20, 54]
[47, 9]
[17, 51]
[54, 21]
[55, 18]
[27, 60]
[7, 59]
[20, 59]
[11, 46]
[38, 0]
[19, 53]
[17, 60]
[24, 57]
[40, 6]
[21, 56]
[32, 0]
[15, 50]
[49, 14]
[47, 14]
[15, 52]
[45, 4]
[51, 8]
[57, 6]
[53, 11]
[7, 48]
[32, -1]
[15, 49]
[57, 12]
[52, 12]
[20, 62]
[25, 61]
[38, 2]
[44, 11]
[46, 3]
[57, 17]
[54, -1]
[52, -1]
[15, 49]
[43, 6]
[36, 0]
[12, 58]
[38, 3]
[16, 61]
[9, 46]
[60, 22]
[25, 58]
[14, 51]
[57, 20]
[34, 0]
[38, 3]
[32, -1]
[42, 6]
[33, 0]
[37, 3]
[48, 7]
[11, 52]
[13, 47]
[51, 19]
[5, 58]
[25, 61]
[4, 42]
[38, 0]
[33, 0]
[57, -1]
[30, 62]
[5, 41]
[56, 12]
[33, 1]
[39, 0]
[55, 1]
[41, 5]
[50, 12]
[49, 8]
[2, 40]
[61, 11]
[39, 4]
[37, -1]
[4, 36]
[20, 56]
[49, 16]
[50, 15]
[6, 39]
[19, 56]
[35, 1]
[7, 46]
[22, 54]
[48, 2]
[49, -1]
[2, 42]
[61, -1]
[48, -1]
[12, 53]
[1, 62]
[48, 13]
[23, 62]
[6, 58]
[33, 1]
[12, 49]
[6, 49]
[21, 62]
[38, 6]
[1, 39]
[25, 58]
[14, 46]
[49, 8]
[8, 61]
[4, 62]
[54, 6]
[38, 6]
[27, 62]
[26, 62]
[55, -1]
[5, 55]
[7, 39]
[44, 8]
[62, 21]
[0, 42]
[15, 58]
[46, 1]
[34, 1]
[19, 56]
[59, 26]
[33, 1]
[47, 4]
[50, 11]
[38, 0]
[6, 59]
[28, 62]
[27, 61]
[7, 58]
[11, 57]
[10, 42]
[54, 1]
[0, 62]
[18, 62]
[20, 61]
[44, -1]
[18, 59]
[58, 23]
[51, -1]
[28, 61]
[58, 1]
[13, 50]
[25, 57]
[45, -1]
[51, 12]
[57, 16]
[3, 54]
[41, 4]
[-1, 59]
[16, 57]
[40, -1]
[27, 60]
[21, 55]
[54, 19]
[25, 57]
[12, 52]
[41, 4]
[44, 7]
[42, 1]
[15, 61]
[27, 62]
[8, 59]
[7, 59]
[60, 20]
[27, 62]
[51, 7]
[35, 2]
[62, 27]
[62, 12]
[3, 41]
[7, 42]
[59, 3]
[10, 55]
[46, 14]
[37, 3]
[49, 6]
[4, 42]
[27, 59]
[52, 2]
[31, -1]
[53, 4]
[60, 27]
[20, 54]
[10, 59]
[20, 52]
[59, 2]
[2, 41]
[51, 6]
[3, 44]
[45, 7]
[38, -1]
[38, 6]
[54, 11]
[37, 0]
[62, 21]
[11, 44]
[45, 9]
[6, 47]
[61, 12]
[6, 43]
[37, 3]
[22, 54]
[24, 60]
[10, 57]
[33, -1]
[8, 62]
[23, 57]
[43, 5]
[-1, 34]
[13, 62]
[27, 62]
[51, 16]
[60, 15]
[34, 1]
[61, 13]
[4, 50]
[14, 56]
[42, 9]
[15, 54]
[58, 17]
[39, 1]
[35, 1]
[22, 54]
[20, 58]
[29, 61]
[55, 10]
[16, 54]
[2, 47]
[27, 61]
[24, 61]
[28, 61]
[56, 5]
[55, 17]
[24, 59]
[26, 58]
[18, 55]
[49, 6]
[49, 14]
[51, 3]
[24, 56]
[32, -1]
[43, 11]
[62, 2]
[59, 7]
[21, 57]
[28, 61]
[1, 40]
[24, 59]
[25, 58]
[14, 50]
[31, -1]
[40, 8]
[62, 3]
[43, 8]
[0, 39]
[3, 58]
[61, 20]
[42, -1]
[25, 57]
[60, 27]
[22, 57]
[19, 56]
[18, 62]
[-1, 38]
[38, 0]
[60, 5]
[47, 0]
[61, 9]
[16, 60]
[61, 24]
[30, 62]
[42, 7]
[33, 1]
[53, 0]
[59, 1]
[61, 14]
[2, 46]
[45, 1]
[5, 40]
[23, 62]
[22, 57]
[53, 19]
[4, 55]
[12, 57]
[4, 54]
[24, 62]
[29, 62]
[61, 18]
[61, 19]
[44, 4]
[-1, 37]
[30, 62]
[14, 51]
[-1, 50]
[5, 38]
[40, 6]
[11, 49]
[58, 23]
[7, 57]
[11, 58]
[9, 57]
[22, 56]
[13, 53]
[23, 58]
[60, 22]
[19, 53]
[22, 61]
[61, 11]
[13, 56]
[28, 60]
[16, 60]
[54, 20]
[44, 1]
[35, 1]
[34, 1]
[28, 60]
[40, 8]
[42, 8]
[33, -1]
[20, 57]
[53, 10]
[54, 17]
[61, 29]
[24, 59]
[0, 51]
[37, -1]
[11, 47]
[60, 20]
[53, 12]
[37, 0]
[15, 54]
[49, 1]
[41, 0]
[50, 12]
[56, 10]
[34, 1]
[46, 9]
[56, 5]
[31, -1]
[47, 15]
[57, 8]
[18, 61]
[14, 49]
[3, 57]
[53, 17]
[52, 20]
[26, 58]
[19, 62]
[52, 17]
[21, 56]
[5, 40]
[28, 61]
[38, -1]
[10, 62]
[13, 58]
[45, 10]
[39, 1]
[51, 16]
[55, 19]
[32, 0]
[0, 35]
[1, 42]
[17, 53]
[43, 11]
[58, 3]
[32, 0]
[50, 15]
[45, 2]
[39, 7]
[58, 17]
[44, 4]
[19, 54]
[31, -1]
[49, 14]
[33, 0]
[41, 3]
[24, 59]
[45, 9]
[56, 7]
[21, 53]
[20, 60]
[53, 8]
[51, 14]
[23, 60]
[57, 23]
[41, 8]
[60, -1]
[25, 61]
[55, 20]
[35, 2]
[33, 1]
[37, 1]
[46, 12]
[19, 52]
[-1, 52]
[0, 35]
[30, 62]
[39, 0]
[21, 53]
[5, 41]
[37, 1]
[51, 3]
[33, -1]
[29, 61]
[10, 59]
[47, 7]
[4, 48]
[20, 53]
[2, 40]
[30, 62]
[53, 0]
[36, 3]
[33, -1]
[62, 16]
[0, 34]
[22, 60]
[54, 5]
[17, 62]
[21, 57]
[8, 51]
[8, 46]
[43, 11]
[42, 10]
[34, 2]
[62, 28]
[51, 4]
[10, 44]
[38, 5]
[2, 34]
[11, 59]
[9, 44]
[57, 13]
[9, 42]
[32, -1]
[13, 52]
[16, 52]
[27, 61]
[49, 5]
[44, 12]
[-1, 34]
[8, 47]
[50, 0]
[60, 12]
[23, 60]
[30, 62]
[38, 5]
[11, 50]
[39, 2]
[17, 60]
[51, 9]
[57, 21]
[14, 49]
[16, 50]
[50, 7]
[23, 59]
[56, 12]
[24, 56]
[21, 56]
[28, 60]
[23, 56]
[18, 54]
[5, 47]
[30, 62]
[52, 1]
[44, 8]
[14, 59]
[7, 58]
[45, 11]
[26, 62]
[49, 16]
[3, 42]
[39, 6]
[7, 58]
[5, 47]
[57, 21]
[19, 51]
[24, 57]
[16, 59]
[62, 10]
[-1, 59]
[62, -1]
[25, 58]
[19, 57]
[46, 5]
[15, 53]
[21, 54]
[51, 2]
[57, 16]
[3, 49]
[9, 48]
[19, 57]
[51, 12]
[37, 3]
[22, 54]
[55, 7]
[50, 9]
[39, 2]
[59, 7]
[31, -1]
[21, 60]
[26, 62]
[26, 62]
[15, 53]
[48, 8]
[47, 9]
[20, 54]
[24, 61]
[52, 15]
[45, 8]
[46, 13]
[0, 41]
[41, 1]
[43, 6]
[49, 7]
[39, 7]
[1, 46]
[8, 56]
[8, 57]
[-1, 48]
[37, 1]
[26, 62]
[2, 44]
[37, 5]
[46, 14]
[30, 62]
[30, 62]
[8, 60]
[35, -1]
[61, 27]
[26, 58]
[36, -1]
[32, -1]
[50, -1]
[37, 0]
[31, -1]
[26, 59]
[24, 60]
[32, 0]
[10, 43]
[25, 61]
[5, 56]
[58, 13]
[5, 46]
[14, 49]
[51, 18]
[47, 7]
[62, 6]
[62, 21]
[21, 53]
[22, 60]
[11, 51]
[23, 59]
[12, 49]
[40, 8]
[56, 13]
[28, 61]
[2, 41]
[28, 60]
[40, 0]
[11, 57]
[19, 61]
[60, 6]
[44, 2]
[29, 62]
[23, 55]
[5, 61]
[53, 9]
[57, 25]
[48, 14]
[55, 20]
[51, 14]
[34, -1]
[59, 14]
[62, 20]
[9, 53]
[45, 0]
[39, 7]
[9, 49]
[19, 57]
[37, 4]
[37, -1]
[31, -1]
[37, 1]
[40, 0]
[59, 17]
[40, 4]
[44, 8]
[20, 60]
[53, 7]
[12, 54]
[61, -1]
[54, 8]
[44, 9]
[1, 59]
[44, 5]
[11, 55]
[29, 62]
[47, 0]
[12, 62]
[11, 48]
[37, 1]
[12, 50]
[26, 58]
[42, 4]
[46, 7]
[42, 0]
[31, -1]
[10, 57]
[23, 55]
[11, 54]
[6, 52]
[28, 60]
[23, 58]
[47, 12]
[11, 49]
[2, 46]
[54, 5]
[11, 43]
[43, 2]
[29, 62]
[24, 58]
[23, 62]
[35, 2]
[51, 19]
[5, 60]
[55, 3]
[43, 5]
[40, 6]
[38, -1]
[17, 60]
[26, 62]
[27, 62]
[7, 53]
[0, 62]
[28, 60]
[25, 62]
[55, 2]
[43, 11]
[56, 23]
[37, 1]
[13, 56]
[51, 4]
[43, 9]
[56, 3]
[48, 15]
[51, 5]
[55, 18]
[25, 57]
[17, 51]
[39, 7]
[9, 54]
[41, 7]
[-1, 31]
[34, 1]
[55, 7]
[2, 44]
[15, 52]
[32, -1]
[-1, 48]
[56, 11]
[21, 60]
[57, 10]
[46, 9]
[45, 8]
[11, 54]
[14, 50]
[43, 0]
[44, 11]
[12, 47]
[22, 61]
[51, 5]
[35, 3]
[22, 61]
[26, 58]
[6, 41]
[42, 6]
[26, 62]
[61, 14]
[28, 62]
[11, 62]
[35, 0]
[21, 53]
[62, 19]
[44, 9]
[6, 61]
[-1, 37]
[5, 41]
[48, 9]
[41, 1]
[42, -1]
[61, 13]
[34, 1]
[20, 56]
[7, 58]
[16, 59]
[22, 62]
[38, 0]
[42, 8]
[32, 0]
[56, 13]
[24, 56]
[29, 62]
[22, 59]
[3, 43]
[38, 6]
[25, 60]
[44, -1]
[12, 48]
[2, 46]
[22, 54]
[34, 0]
[35, 1]
[61, 4]
[10, 62]
[49, 9]
[43, 11]
[13, 49]
[33, 0]
[-1, 33]
[5, 62]
[10, 52]
[62, 14]
[11, 57]
[54, 2]
[7, 56]
[51, 5]
[17, 50]
[35, -1]
[57, 13]
[39, 1]
[52, 12]
[0, 41]
[59, 14]
[41, 2]
[17, 59]
[17, 52]
[11, 49]
[49, 15]
[45, 8]
[36, -1]
[26, 59]
[36, 3]
[39, 5]
[14, 50]
[56, 0]
[46, 3]
[60, 18]
[23, 59]
[7, 43]
[32, -1]
[20, 56]
[46, 14]
[21, 57]
[38, 1]
[41, 3]
[41, 1]
[62, -1]
[13, 56]
[0, 41]
[0, 35]
[60, 27]
[24, 59]
[27, 62]
[12, 48]
[11, 58]
[38, 1]
[56, 11]
[59, 7]
[44, 3]
[32, 0]
[12, 53]
[58, 10]
[12, 49]
[30, 62]
[41, 2]
[29, 62]
[11, 43]
[15, 53]
[7, 56]
[22, 59]
[10, 60]
[59, 14]
[53, 19]
[3, 37]
[12, 49]
[31, -1]
[45, 9]
[60, 7]
[62, 13]
[36, 3]
[41, 1]
[11, 58]
[6, 51]
[32, 0]
[41, 3]
[24, 61]
[45, 7]
[47, 12]
[37, 5]
[31, -1]
[13, 54]
[48, 16]
[14, 57]
[26, 62]
[62, 17]
[17, 49]
[6, 48]
[36, 2]
[53, 0]
[46, 0]
[28, 60]
[32, 0]
[13, 46]
[20, 57]
[25, 59]
[-1, 56]
[12, 49]
[27, 59]
[3, 60]
[27, 61]
[44, 9]
[12, 57]
[50, 11]
[47, 9]
[7, 40]
[53, 13]
[22, 60]
[44, 2]
[10, 56]
[45, 3]
[49, 12]
[12, 58]
[36, 4]
[4, 55]
[16, 48]
[3, 58]
[46, 8]
[58, 22]
[7, 39]
[41, -1]
[-1, 61]
[15, 62]
[26, 62]
[53, 0]
[12, 53]
[13, 49]
[15, 55]
[60, 27]
[7, 58]
[52, 2]
[33, 1]
[6, 40]
[36, -1]
[13, 49]
[23, 58]
[48, 4]
[61, 21]
[36, 2]
[23, 60]
[10, 46]
[15, 55]
[14, 61]
[3, 57]
[37, 3]
[5, 60]
[62, 7]
[59, 4]
[11, 47]
[19, 61]
[8, 49]
[60, 26]
[10, 43]
[21, 55]
[7, 61]
[59, 25]
[0, 44]
[17, 58]
[60, 16]
[57, 3]
[16, 51]
[14, 59]
[23, 59]
[44, 12]
[1, 59]
[60, 22]
[42, 0]
[58, -1]
[-1, 41]
[55, 16]
[61, 1]
[61, 27]
[13, 49]
[49, 9]
[16, 48]
[14, 58]
[8, 58]
[5, 58]
[13, 46]
[37, 0]
[2, 39]
[25, 61]
[49, 3]
[49, 14]
[18, 55]
[48, 8]
[25, 61]
[5, 54]
[1, 34]
[22, 59]
[12, 45]
[1, 55]
[-1, 45]
[42, 0]
[18, 51]
[60, 18]
[47, 5]
[23, 56]
[30, 62]
[21, 54]
[20, 60]
[24, 59]
[25, 57]
[41, 2]
[36, -1]
[20, 62]
[31, -1]
[25, 60]
[25, 59]
[43, 4]
[52, 15]
[38, 3]
[30, 62]
[22, 54]
[40, 6]
[33, 0]
[18, 59]
[45, 1]
[20, 60]
[2, 56]
[7, 62]
[37, -1]
[8, 54]
[50, 17]
[26, 61]
[8, 53]
[10, 45]
[55, 22]
[42, 6]
[19, 51]
[40, 2]
[35, 3]
[32, 0]
[13, 49]
[5, 44]
[15, 61]
[51, 3]
[17, 58]
[0, 51]
[54, 15]
[4, 57]
[24, 62]
[36, 1]
[34, -1]
[36, 0]
[29, 62]
[49, -1]
[55, 13]
[17, 57]
[56, 18]
[53, 5]
[46, 12]
[41, 6]
[19, 53]
[61, 14]
[39, -1]
[6, 38]
[9, 43]
[24, 57]
[54, 17]
[10, 42]
[19, 56]
[22, 55]
[0, 46]
[-1, 61]
[40, 3]
[38, 3]
[14, 51]
[42, -1]
[54, 7]
[12, 48]
[3, 40]
[45, 10]
[3, 56]
[31, -1]
[13, 49]
[27, 61]
[7, 55]
[23, 59]
[43, 1]
[4, 38]
[53, 13]
[17, 50]
[7, 47]
[46, 12]
[38, 5]
[20, 60]
[16, 58]
[29, 61]
[51, 0]
[29, 61]
[12, 58]
[19, 54]
[14, 52]
[40, 2]
[51, 18]
[48, 10]
[4, 47]
[47, 5]
[10, 57]
[45, 11]
[57, 25]
[40, 2]
[1, 35]
[27, 59]
[1, 38]
[12, 48]
[3, 47]
[41, 8]
[37, 0]
[32, -1]
[41, 8]
[30, 62]
[31, -1]
[2, 55]
[19, 56]
[48, -1]
[18, 53]
[56, 9]
[43, 1]
[30, 62]
[31, -1]
[35, 2]
[28, 60]
[5, 50]
[62, 2]
[28, 62]
[33, 0]
[5, 43]
[30, 62]
[23, 59]
[35, 0]
[32, 0]
[38, 4]
[16, 60]
[29, 62]
[62, 5]
[53, 3]
[26, 60]
[46, 4]
[50, 3]
[57, 0]
[31, -1]
[62, 14]
[37, 0]
[56, 11]
[6, 57]
[23, 61]
[30, 62]
[49, 2]
[42, 1]
[39, 2]
[7, 47]
[30, 62]
[19, 55]
[34, 2]
[3, 44]
[10, 45]
[19, 55]
[62, 4]
[11, 50]
[2, 45]
[58, 9]
[50, 1]
[60, 2]
[36, -1]
[7, 49]
[40, 0]
[25, 62]
[61, 10]
[22, 60]
[11, 45]
[30, 62]
[31, -1]
[28, 60]
[33, 0]
[57, 24]
[52, 6]
[36, 1]
[24, 62]
[47, 5]
[20, 62]
[17, 56]
[16, 62]
[6, 38]
[-1, 50]
[30, 62]
[0, 40]
[56, 17]
[22, 61]
[37, 5]
[20, 59]
[40, 5]
[3, 36]
[24, 61]
[56, 13]
[3, 52]
[22, 62]
[18, 54]
[36, -1]
[25, 57]
[16, 57]
[48, 11]
[13, 49]
[9, 59]
[4, 40]
[11, 53]
[45, 1]
[20, 62]
[3, 62]
[9, 44]
[15, 57]
[30, 62]
[39, 5]
[7, 57]
[28, 62]
[42, 2]
[43, 8]
[60, 28]
[40, 4]
[56, 13]
[27, 61]
[5, 42]
[20, 54]
[45, 2]
[22, 58]
[13, 57]
[36, -1]
[28, 62]
[48, 0]
[0, 51]
[4, 44]
[13, 57]
[51, 2]
[2, 53]
[19, 54]
[32, -1]
[37, 2]
[2, 62]
[57, 11]
[49, 6]
[35, 0]
[29, 62]
[39, 7]
[48, 13]
[32, -1]
[10, 53]
[60, 15]
[52, 7]
[18, 51]
[19, 52]
[46, 1]
[36, 2]
[2, 61]
[2, 58]
[40, 7]
[54, 15]
[59, 14]
[22, 55]
[60, 20]
[2, 45]
[52, 10]
[46, -1]
[39, 1]
[20, 61]
[27, 60]
[30, 62]
[55, 22]
[2, 42]
[58, 4]
[47, 15]
[12, 51]
[41, 0]
[25, 60]
[3, 40]
[62, 18]
[27, 61]
[15, 61]
[23, 55]
[4, 37]
[2, 42]
[52, 12]
[7, 60]
[58, 19]
[18, 52]
[12, 50]
[19, 57]
[58, 5]
[6, 61]
[34, 0]
[31, -1]
[16, 52]
[59, 20]
[35, 0]
[4, 44]
[18, 55]
[15, 61]
[3, 46]
[5, 56]
[16, 61]
[4, 55]
[60, 12]
[59, 9]
[34, 0]
[3, 36]
[35, 0]
[18, 53]
[54, 22]
[20, 60]
[54, 3]
[60, 11]
[10, 44]
[53, 11]
[44, 1]
[23, 57]
[36, -1]
[59, -1]
[17, 59]
[29, 61]
[61, 28]
[18, 55]
[14, 48]
[19, 55]
[15, 61]
[36, 0]
[46, 3]
[42, 2]
[32, 0]
[12, 49]
[19, 53]
[50, 12]
[61, 16]
[56, 3]
[14, 60]
[61, 13]
[56, 7]
[11, 55]
[50, 15]
[29, 62]
[41, 3]
[6, 55]
[4, 40]
[20, 55]
[2, 57]
[28, 62]
[39, 5]
[49, 0]
[38, 2]
[26, 59]
[18, 54]
[59, 19]
[6, 49]
[38, 5]
[59, 14]
[6, 45]
[18, 52]
[45, 9]
[11, 56]
[6, 48]
[40, 7]
[57, 8]
[1, 41]
[39, 3]
[50, 12]
[3, 43]
[7, 50]
[6, 51]
[14, 51]
[4, 41]
[5, 61]
[40, 7]
[47, 15]
[23, 59]
[47, 3]
[18, 60]
[27, 60]
[36, 0]
[24, 60]
[35, 1]
[4, 62]
[44, 8]
[17, 55]
[0, 53]
[44, 5]
[51, 15]
[45, 0]
[55, 8]
[37, 2]
[10, 52]
[14, 58]
[54, 10]
[30, 62]
[24, 56]
[17, 60]
[36, 2]
[41, 3]
[11, 48]
[5, 48]
[1, 62]
[6, 60]
[17, 52]
[28, 62]
[29, 61]
[18, 50]
[35, 1]
[28, 61]
[55, 16]
[36, 1]
[10, 58]
[33, 1]
[53, -1]
[50, 11]
[53, 5]
[54, 22]
[8, 51]
[60, 5]
[51, 11]
[55, 0]
[8, 43]
[39, 7]
[27, 59]
[26, 61]
[36, 1]
[41, 2]
[35, 0]
[5, 57]
[37, 1]
[2, 51]
[32, -1]
[3, 53]
[56, 9]
[59, 20]
[51, 1]
[12, 57]
[56, 22]
[60, 24]
[46, -1]
[50, 16]
[4, 39]
[48, 4]
[3, 62]
[59, 23]
[44, 11]
[54, -1]
[40, 0]
[50, 1]
[39, 5]
[41, 3]
[33, 1]
[36, 1]
[8, 54]
[15, 49]
[5, 62]
[36, 1]
[32, -1]
[35, 3]
[36, 0]
[2, 39]
[59, 4]
[6, 44]
[-1, 44]
[33, 1]
[25, 57]
[0, 34]
[6, 41]
[33, 0]
[47, 2]
[50, 16]
[37, 0]
[38, 1]
[18, 60]
[62, 3]
[5, 42]
[24, 58]
[0, 61]
[57, 13]
[16, 57]
[17, 50]
[46, 10]
[56, 21]
[47, 1]
[55, 13]
[40, 7]
[19, 62]
[23, 60]
[10, 61]
[27, 59]
[51, 4]
[8, 51]
[49, 10]
[61, 1]
[58, 3]
[23, 56]
[16, 48]
[34, 1]
[51, 6]
[14, 61]
[45, 9]
[40, 0]
[17, 59]
[41, 3]
[44, 8]
[13, 51]
[16, 51]
[40, 4]
[34, 1]
[58, 0]
[29, 62]
[14, 59]
[19, 57]
[19, 62]
[49, 4]
[34, 0]
[16, 62]
[49, 1]
[49, 8]
[25, 62]
[-1, 45]
[37, 5]
[37, 3]
[6, 39]
[14, 50]
[50, 8]
[2, 48]
[37, 5]
[14, 55]
[12, 59]
[15, 48]
[31, -1]
[37, 4]
[50, 4]
[26, 61]
[57, 0]
[-1, 41]
[4, 49]
[58, 18]
[55, 0]
[17, 53]
[21, 59]
[10, 60]
[44, 9]
[24, 59]
[7, 57]
[27, 59]
[42, 3]
[56, 10]
[3, 51]
[27, 59]
[32, 0]
[49, 8]
[34, -1]
[56, 1]
[42, 9]
[27, 62]
[50, 2]
[-1, 61]
[32, -1]
[49, -1]
[23, 59]
[8, 58]
[47, 13]
[10, 42]
[48, 6]
[62, 24]
[16, 57]
[25, 61]
[59, 5]
[26, 62]
[54, 21]
[60, 25]
[34, 0]
[-1, 37]
[38, 3]
[7, 55]
[32, -1]
[2, 61]
[53, -1]
[50, 12]
[13, 62]
[27, 60]
[50, 17]
[-1, 37]
[11, 52]
[43, 2]
[23, 55]
[41, 9]
[46, 10]
[23, 58]
[45, 0]
[22, 54]
[18, 61]
[60, 4]
[58, 8]
[-1, 46]
[42, 10]
[10, 55]
[52, 10]
[47, 12]
[39, 6]
[4, 40]
[27, 59]
[58, 16]
[13, 59]
[13, 47]
[21, 62]
[21, 53]
[38, 0]
[52, 10]
[44, -1]
[34, -1]
[36, 3]
[23, 56]
[31, -1]
[41, -1]
[12, 48]
[51, 19]
[37, 5]
[57, 1]
[20, 58]
[47, 1]
[8, 47]
[19, 62]
[39, 4]
[53, 21]
[0, 43]
[14, 51]
[41, 0]
[54, 7]
[35, 3]
[33, 1]
[5, 51]
[15, 50]
[1, 55]
[31, -1]
[38, 5]
[26, 62]
[52, 6]
[57, 22]
[4, 39]
[55, 10]
[1, 34]
